7271 18946 0
0 4930 113
4930 0 113
0 2717 86
2717 0 86
1 4931 99
4931 1 99
1 4932 84
4932 1 84
2 4898 103
4898 2 103
2 4897 80
4897 2 80
3 5773 104
5773 3 104
3 5772 85
5772 3 85
4 5771 88
5771 4 88
4 60 2229
60 4 2229
5 4966 105
4966 5 105
5 4967 88
4967 5 88
6 4968 77
4968 6 77
6 4969 98
4969 6 98
7 2425 103
2425 7 103
7 4970 81
4970 7 81
8 2722 99
2722 8 99
8 2426 109
2426 8 109
9 425 58
425 9 58
9 1737 2739
1737 9 2739
10 58 400
58 10 400
10 414 159
414 10 159
11 554 365
554 11 365
11 1958 122
1958 11 122
12 2712 157
2712 12 157
12 2716 147
2716 12 147
13 2713 123
2713 13 123
13 1956 471
1956 13 471
13 4921 1749
4921 13 1749
14 4921 70
4921 14 70
15 3899 105
3899 15 105
15 2310 31
2310 15 31
15 3898 50
3898 15 50
16 2314 831
2314 16 831
16 17 774
17 16 774
16 5505 60
5505 16 60
17 5498 700
5498 17 700
17 5506 50
5506 17 50
18 5498 69
5498 18 69
18 5494 64
5494 18 64
18 5497 55
5497 18 55
18 5496 85
5496 18 85
19 2943 1126
2943 19 1126
19 5496 686
5496 19 686
19 20 441
20 19 441
20 2937 85
2937 20 85
20 21 327
21 20 327
21 6572 78
6572 21 78
21 1432 598
1432 21 598
22 6570 111
6570 22 111
22 2261 130
2261 22 130
22 1433 84
1433 22 84
23 6393 143
6393 23 143
23 6394 43
6394 23 43
24 2420 106
2420 24 106
24 6393 523
6393 24 523
24 2056 423
2056 24 423
25 3385 302
3385 25 302
25 2402 106
2402 25 106
25 6398 107
6398 25 107
26 3115 195
3115 26 195
26 2982 51
2982 26 51
26 5667 100
5667 26 100
27 5652 23
5652 27 23
27 5650 15
5650 27 15
27 5651 89
5651 27 89
27 5649 86
5649 27 86
28 5884 31
5884 28 31
28 418 1032
418 28 1032
28 2358 539
2358 28 539
28 3354 192
3354 28 192
29 5571 80
5571 29 80
29 137 1240
137 29 1240
29 5591 625
5591 29 625
30 1972 421
1972 30 421
30 4695 1267
4695 30 1267
30 86 702
86 30 702
31 5727 17
5727 31 17
31 5725 22
5725 31 22
31 5728 99
5728 31 99
31 5726 83
5726 31 83
32 6665 26
6665 32 26
32 158 1044
158 32 1044
32 3425 145
3425 32 145
33 4216 18
4216 33 18
33 4222 958
4222 33 958
33 5621 342
5621 33 342
34 4191 22
4191 34 22
34 111 1034
111 34 1034
34 1359 398
1359 34 398
35 3795 16
3795 35 16
35 112 1047
112 35 1047
35 3810 923
3810 35 923
36 4494 25
4494 36 25
36 4497 15
4497 36 15
36 113 1043
113 36 1043
36 1740 906
1740 36 906
37 5716 81
5716 37 81
37 5307 426
5307 37 426
37 5311 76
5311 37 76
38 5700 84
5700 38 84
38 5701 58
5701 38 58
38 5699 54
5699 38 54
39 1593 132
1593 39 132
39 2387 138
2387 39 138
40 3882 21
3882 40 21
40 3885 105
3885 40 105
40 3880 78
3880 40 78
41 4400 23
4400 41 23
41 4409 16
4409 41 16
41 4406 77
4406 41 77
41 4412 105
4412 41 105
42 5061 29
5061 42 29
42 5055 23
5055 42 23
42 4975 96
4975 42 96
42 5057 91
5057 42 91
43 2256 173
2256 43 173
43 5087 23
5087 43 23
43 163 1030
163 43 1030
43 5075 22
5075 43 22
44 212 1036
212 44 1036
44 270 1036
270 44 1036
44 4240 17
4240 44 17
44 4253 21
4253 44 21
45 52 261
52 45 261
45 271 1043
271 45 1043
45 4308 22
4308 45 22
46 4010 28
4010 46 28
46 182 985
182 46 985
46 183 995
183 46 995
47 4676 23
4676 47 23
47 3401 22
3401 47 22
47 1059 1017
1059 47 1017
47 3400 62
3400 47 62
48 400 341
400 48 341
48 359 347
359 48 347
49 7065 1941
7065 49 1941
49 1387 729
1387 49 729
49 4798 61
4798 49 61
50 1387 99
1387 50 99
50 1388 73
1388 50 73
50 4821 66
4821 50 66
51 2218 64
2218 51 64
51 2217 65
2217 51 65
51 6845 72
6845 51 72
52 4313 99
4313 52 99
52 213 773
213 52 773
53 5862 76
5862 53 76
53 56 70
56 53 70
53 150 239
150 53 239
54 2390 126
2390 54 126
54 5959 102
5959 54 102
55 4096 50
4096 55 50
55 306 876
306 55 876
55 6999 822
6999 55 822
56 5850 94
5850 56 94
56 293 153
293 56 153
57 2332 528
2332 57 528
58 433 343
433 58 343
59 5777 74
5777 59 74
59 5778 94
5778 59 94
60 5581 2074
5581 60 2074
61 4003 78
4003 61 78
61 4002 96
4002 61 96
62 4050 155
4050 62 155
62 4048 153
4048 62 153
62 4049 27
4049 62 27
62 4051 20
4051 62 20
63 64 1173
64 63 1173
63 4050 1016
4050 63 1016
63 4867 22
4867 63 22
64 1441 499
1441 64 499
64 4828 37
4828 64 37
64 4822 38
4822 64 38
65 4710 82
4710 65 82
65 4708 100
4708 65 100
65 4709 37
4709 65 37
65 4711 37
4711 65 37
66 4726 68
4726 66 68
66 4725 92
4725 66 92
66 1589 225
1589 66 225
66 1587 241
1587 66 241
67 7200 80
7200 67 80
67 7201 113
7201 67 113
67 3601 169
3601 67 169
67 1586 183
1586 67 183
68 4509 63
4509 68 63
68 4508 96
4508 68 96
68 3602 225
3602 68 225
68 1591 226
1591 68 226
69 4541 127
4541 69 127
69 71 58
71 69 58
69 1590 171
1590 69 171
70 1952 59
1952 70 59
70 343 1293
343 70 1293
71 4549 111
4549 71 111
71 2019 182
2019 71 182
72 3779 95
3779 72 95
72 5580 156
5580 72 156
72 381 227
381 72 227
73 5818 61
5818 73 61
73 101 273
101 73 273
73 100 315
100 73 315
74 5546 1102
5546 74 1102
75 4927 104
4927 75 104
75 4929 81
4929 75 81
76 4926 180
4926 76 180
76 235 150
235 76 150
76 265 256
265 76 256
77 5776 98
5776 77 98
77 5775 83
5775 77 83
78 5775 2146
5775 78 2146
78 5773 2127
5773 78 2127
79 4001 99
4001 79 99
79 4000 82
4000 79 82
80 4047 165
4047 80 165
80 4089 22
4089 80 22
80 4088 22
4088 80 22
81 6288 77
6288 81 77
81 5805 424
5805 81 424
81 244 993
244 81 993
82 4887 68
4887 82 68
82 4707 62
4707 82 62
82 4704 98
4704 82 98
82 4706 85
4706 82 85
83 4713 39
4713 83 39
83 4715 31
4715 83 31
83 4712 112
4712 83 112
83 4714 80
4714 83 80
84 4715 455
4715 84 455
84 85 492
85 84 492
84 4734 78
4734 84 78
84 4847 109
4847 84 109
85 7211 112
7211 85 112
85 7210 90
7210 85 90
85 5604 398
5604 85 398
86 4738 50
4738 86 50
86 1960 1906
1960 86 1906
87 5541 68
5541 87 68
87 1031 974
1031 87 974
87 327 740
327 87 740
88 7231 40
7231 88 40
88 7240 39
7240 88 39
88 236 1171
236 88 1171
88 3339 1163
3339 88 1163
89 2383 22
2383 89 22
89 5472 1478
5472 89 1478
90 5704 68
5704 90 68
90 3964 1883
3964 90 1883
90 5710 663
5710 90 663
91 3367 225
3367 91 225
92 3570 200
3570 92 200
92 4902 51
4902 92 51
92 3572 22
3572 92 22
93 2060 270
2060 93 270
93 2057 351
2057 93 351
93 6374 91
6374 93 91
94 6382 125
6382 94 125
94 6386 80
6386 94 80
94 6390 67
6390 94 67
94 6391 63
6391 94 63
95 5250 72
5250 95 72
95 5247 130
5247 95 130
95 5255 79
5255 95 79
96 5970 106
5970 96 106
97 342 1042
342 97 1042
97 402 1040
402 97 1040
98 2898 109
2898 98 109
98 3892 68
3892 98 68
98 2895 25
2895 98 25
99 4267 582
4267 99 582
99 5494 587
5494 99 587
99 7182 88
7182 99 88
99 6460 70
6460 99 70
100 2931 117
2931 100 117
100 3347 770
3347 100 770
101 2928 28
2928 101 28
102 288 866
288 102 866
102 596 1833
596 102 1833
103 3949 86
3949 103 86
103 6995 497
6995 103 497
103 6996 72
6996 103 72
104 202 668
202 104 668
104 201 1046
201 104 1046
104 4148 17
4148 104 17
104 4159 32
4159 104 32
105 1147 122
1147 105 122
105 6967 555
6967 105 555
105 287 1064
287 105 1064
105 4151 92
4151 105 92
106 286 1036
286 106 1036
106 319 1039
319 106 1039
106 6766 24
6766 106 24
106 6717 16
6717 106 16
107 6720 25
6720 107 25
107 6734 519
6734 107 519
107 170 1033
170 107 1033
108 5729 101
5729 108 101
108 5730 21
5730 108 21
108 5731 116
5731 108 116
108 5732 26
5732 108 26
109 6668 98
6668 109 98
109 6667 28
6667 109 28
109 139 522
139 109 522
109 6675 24
6675 109 24
110 4223 21
4223 110 21
110 4221 18
4221 110 18
110 4225 88
4225 110 88
110 4222 79
4222 110 79
111 4192 22
4192 111 22
111 2671 656
2671 111 656
112 3870 23
3870 112 23
112 272 1048
272 112 1048
113 4403 23
4403 113 23
113 4426 16
4426 113 16
113 126 1038
126 113 1038
114 7195 45
7195 114 45
114 7194 29
7194 114 29
114 6606 122
6606 114 122
114 6605 112
6605 114 112
115 6607 127
6607 115 127
115 6609 119
6609 115 119
115 6608 49
6608 115 49
115 6610 33
6610 115 33
116 6551 120
6551 116 120
116 6550 108
6550 116 108
116 6610 371
6610 116 371
116 117 407
117 116 407
117 6549 110
6549 117 110
117 5368 219
5368 117 219
118 6547 50
6547 118 50
118 5479 1826
5479 118 1826
118 2258 1159
2258 118 1159
119 2952 1181
2952 119 1181
120 2128 944
2128 120 944
120 121 1037
121 120 1037
120 4472 14
4472 120 14
121 122 1039
122 121 1039
121 4478 24
4478 121 24
121 4475 14
4475 121 14
122 7183 943
7183 122 943
122 4484 25
4484 122 25
122 4481 15
4481 122 15
123 7183 100
7183 123 100
123 4442 949
4442 123 949
123 4437 23
4437 123 23
123 4439 12
4439 123 12
124 4442 130
4442 124 130
124 4448 117
4448 124 117
124 4445 21
4445 124 21
124 4451 13
4451 124 13
125 4448 964
4448 125 964
125 4454 26
4454 125 26
125 4458 13
4458 125 13
125 4457 88
4457 125 88
126 4423 23
4423 126 23
126 4429 14
4429 126 14
126 4406 965
4406 126 965
127 4488 20
4488 127 20
127 4490 18
4490 127 18
127 1740 116
1740 127 116
127 1741 126
1741 127 126
128 5767 87
5767 128 87
128 5766 97
5766 128 97
129 4963 83
4963 129 83
129 4962 99
4962 129 99
130 4950 156
4950 130 156
130 4956 165
4956 130 165
130 4947 26
4947 130 26
130 4953 17
4953 130 17
131 4852 29
4852 131 29
131 4841 40
4841 131 40
131 1446 580
1446 131 580
131 2054 392
2054 131 392
132 1585 267
1585 132 267
132 1581 243
1581 132 243
132 4700 57
4700 132 57
132 4678 92
4678 132 92
133 4624 85
4624 133 85
133 4625 104
4625 133 104
133 390 368
390 133 368
133 1579 190
1579 133 190
134 4504 64
4504 134 64
134 4502 99
4502 134 99
134 4505 47
4505 134 47
134 4503 34
4503 134 34
135 2128 152
2128 135 152
135 2131 131
2131 135 131
135 4569 45
4569 135 45
135 4567 13
4567 135 13
136 5900 89
5900 136 89
136 651 54
651 136 54
136 516 128
516 136 128
137 5589 778
5589 137 778
137 5579 78
5579 137 78
138 5591 988
5591 138 988
139 7178 44
7178 139 44
139 6633 116
6633 139 116
140 4206 39
4206 140 39
140 4211 42
4211 140 42
140 5621 155
5621 140 155
141 4188 50
4188 141 50
141 4211 448
4211 141 448
141 142 433
142 141 433
142 3848 29
3848 142 29
142 3851 158
3851 142 158
142 3849 88
3849 142 88
143 3862 22
3862 143 22
143 3851 1443
3851 143 1443
143 144 1034
144 143 1034
144 3938 20
3938 144 20
144 145 1035
145 144 1035
145 3820 18
3820 145 18
145 6972 532
6972 145 532
146 3828 29
3828 146 29
146 6972 513
6972 146 513
146 2252 1069
2252 146 1069
147 6992 53
6992 147 53
147 6993 492
6993 147 492
147 148 679
148 147 679
148 4178 40
4178 148 40
148 6959 1253
6959 148 1253
149 6961 91
6961 149 91
149 5854 112
5854 149 112
149 150 35
150 149 35
150 5859 78
5859 150 78
151 5960 97
5960 151 97
151 2389 133
2389 151 133
152 320 1323
320 152 1323
152 181 599
181 152 599
153 6914 225
6914 153 225
153 442 234
442 153 234
154 1751 126
1751 154 126
154 443 306
443 154 306
154 155 400
155 154 400
155 1749 115
1749 155 115
155 6785 101
6785 155 101
155 1943 303
1943 155 303
156 3810 105
3810 156 105
156 1742 138
1742 156 138
156 3815 24
3815 156 24
156 3811 23
3811 156 23
157 6701 20
6701 157 20
157 6715 18
6715 157 18
157 5726 956
5726 157 956
157 6705 942
6705 157 942
158 6695 31
6695 158 31
158 165 1312
165 158 1312
159 3856 21
3856 159 21
159 6914 23
6914 159 23
159 1757 118
1757 159 118
159 3855 101
3855 159 101
160 5476 26
5476 160 26
160 5478 23
5478 160 23
160 5477 77
5477 160 77
160 5479 105
5479 160 105
161 5008 26
5008 161 26
161 5070 20
5070 161 20
161 5011 82
5011 161 82
161 5475 89
5475 161 89
162 5047 26
5047 162 26
162 4998 21
4998 162 21
162 5050 79
5050 162 79
162 4999 95
4999 162 95
163 4987 26
4987 163 26
163 4990 19
4990 163 19
163 5050 958
5050 163 958
164 2253 815
2253 164 815
164 2256 871
2256 164 871
164 5080 21
5080 164 21
164 5083 28
5083 164 28
165 6680 27
6680 165 27
165 166 792
166 165 792
166 6681 23
6681 166 23
166 167 1054
167 166 1054
167 6732 28
6732 167 28
167 168 1058
168 167 1058
168 6733 25
6733 168 25
168 169 1059
169 168 1059
169 6734 521
6734 169 521
169 6735 24
6735 169 24
170 6719 26
6719 170 26
170 171 1042
171 170 1042
171 6259 28
6259 171 28
171 5980 881
5980 171 881
172 5978 27
5978 172 27
172 5982 21
5982 172 21
172 5980 99
5980 172 99
172 5976 78
5976 172 78
173 5976 1195
5976 173 1195
173 2067 674
2067 173 674
173 5973 32
5973 173 32
174 3984 89
3984 174 89
174 3962 47
3962 174 47
174 3960 74
3960 174 74
175 2368 837
2368 175 837
175 3992 75
3992 175 75
175 3991 57
3991 175 57
175 3987 73
3987 175 73
176 5135 70
5135 176 70
176 5158 697
5158 176 697
176 5143 68
5143 176 68
176 5137 56
5137 176 56
177 5158 76
5158 177 76
177 5165 68
5165 177 68
177 5161 55
5161 177 55
177 5155 70
5155 177 70
178 6473 65
6473 178 65
178 6506 601
6506 178 601
178 5829 592
5829 178 592
179 6543 93
6543 179 93
179 6544 78
6544 179 78
179 2259 292
2259 179 292
179 2321 315
2321 179 315
180 7030 95
7030 180 95
180 5478 236
5478 180 236
180 299 237
299 180 237
181 408 771
408 181 771
182 198 575
198 182 575
182 1048 126
1048 182 126
183 4015 36
4015 183 36
183 2987 227
2987 183 227
184 3727 135
3727 184 135
184 2127 62
2127 184 62
184 4971 487
4971 184 487
185 5791 89
5791 185 89
186 5791 949
5791 186 949
186 2050 466
2050 186 466
187 5795 156
5795 187 156
187 5803 22
5803 187 22
187 5797 21
5797 187 21
187 5800 146
5800 187 146
188 7181 20
7181 188 20
188 3706 145
3706 188 145
188 3708 144
3708 188 144
189 2044 82
2044 189 82
189 3708 833
3708 189 833
190 1459 180
1459 190 180
190 506 202
506 190 202
190 5911 1270
5911 190 1270
191 5653 99
5653 191 99
191 5655 80
5655 191 80
191 5656 23
5656 191 23
191 5654 15
5654 191 15
192 2662 177
2662 192 177
192 2386 123
2386 192 123
193 3348 55
3348 193 55
193 5224 75
5224 193 75
193 5220 69
5220 193 69
193 5213 74
5213 193 74
194 5112 45
5112 194 45
194 6322 80
6322 194 80
194 2285 537
2285 194 537
194 350 840
350 194 840
195 5108 72
5108 195 72
195 351 774
351 195 774
195 5828 1133
5828 195 1133
196 5372 83
5372 196 83
196 1030 603
1030 196 603
196 2902 187
2902 196 187
197 2665 963
2665 197 963
197 199 1036
199 197 1036
197 3945 21
3945 197 21
197 4108 18
4108 197 18
198 3400 913
3400 198 913
198 1072 61
1072 198 61
199 3822 952
3822 199 952
199 3940 22
3940 199 22
199 4124 19
4124 199 19
200 3824 83
3824 200 83
200 3822 83
3822 200 83
200 3831 23
3831 200 23
200 4142 18
4142 200 18
201 3824 952
3824 201 952
201 3834 22
3834 201 22
201 4143 19
4143 201 19
202 203 966
203 202 966
202 4163 66
4163 202 66
203 4170 50
4170 203 50
203 1461 327
1461 203 327
204 4119 25
4119 204 25
204 339 1063
339 204 1063
204 6964 909
6964 204 909
205 6758 91
6758 205 91
205 6756 82
6756 205 82
205 6755 18
6755 205 18
205 6757 22
6757 205 22
206 340 958
340 206 958
206 422 821
422 206 821
207 5165 703
5165 207 703
207 208 780
208 207 780
207 5177 66
5177 207 66
207 5173 60
5173 207 60
208 6479 61
6479 208 61
208 6477 54
6477 208 54
208 6481 74
6481 208 74
209 3427 197
3427 209 197
209 6540 82
6540 209 82
209 6542 126
6542 209 126
209 6541 141
6541 209 141
210 2379 87
2379 210 87
210 2290 188
2290 210 188
210 2369 227
2369 210 227
211 5064 26
5064 211 26
211 4983 23
4983 211 23
211 5033 945
5033 211 945
211 4975 941
4975 211 941
212 4261 21
4261 212 21
212 4245 16
4245 212 16
212 4368 959
4368 212 959
213 4309 22
4309 213 22
213 4311 89
4311 213 89
214 3913 21
3913 214 21
214 3925 930
3925 214 930
214 3885 928
3885 214 928
215 652 374
652 215 374
215 321 740
321 215 740
216 5769 94
5769 216 94
216 5768 78
5768 216 78
217 4964 103
4964 217 103
217 4940 79
4940 217 79
218 2102 168
2102 218 168
218 2107 177
2107 218 177
218 2424 25
2424 218 25
218 2101 72
2101 218 72
218 2086 26
2086 218 26
219 2107 456
2107 219 456
219 220 620
220 219 620
219 2097 36
2097 219 36
220 2684 1390
2684 220 1390
221 2685 132
2685 221 132
221 2686 2156
2686 221 2156
221 1581 224
1581 221 224
221 4694 440
4694 221 440
222 4630 103
4630 222 103
222 4638 82
4638 222 82
222 1579 178
1579 222 178
222 2034 177
2034 222 177
223 4581 98
4581 223 98
223 4587 73
4587 223 73
223 4503 433
4503 223 433
223 2032 246
2032 223 246
224 2130 136
2130 224 136
224 4558 14
4558 224 14
224 4562 29
4562 224 29
225 1973 45
1973 225 45
225 2006 806
2006 225 806
225 5533 587
5533 225 587
226 6436 63
6436 226 63
226 382 776
382 226 776
226 2260 1354
2260 226 1354
226 6441 74
6441 226 74
227 228 672
228 227 672
227 2018 582
2018 227 582
227 6532 62
6532 227 62
228 7206 272
7206 228 272
228 6537 79
6537 228 79
229 6498 530
6498 229 530
229 6506 67
6506 229 67
229 6505 66
6505 229 66
230 6509 45
6509 230 45
230 6498 75
6498 230 75
230 383 857
383 230 857
230 6493 1238
6493 230 1238
231 6340 45
6340 231 45
231 6325 69
6325 231 69
231 5539 686
5539 231 686
231 358 776
358 231 776
232 6341 76
6341 232 76
232 366 935
366 232 935
232 4344 436
4344 232 436
233 290 37
290 233 37
233 291 223
291 233 223
233 5952 86
5952 233 86
234 5956 113
5956 234 113
235 7213 164
7213 235 164
235 7215 108
7215 235 108
236 237 933
237 236 933
237 7237 43
7237 237 43
237 5542 66
5542 237 66
237 238 940
238 237 940
239 7217 187
7217 239 187
239 1027 86
1027 239 86
239 7215 31
7215 239 31
239 4919 172
4919 239 172
239 2362 168
2362 239 168
240 4294 71
4294 240 71
240 4295 96
4295 240 96
240 4292 117
4292 240 117
241 6368 82
6368 241 82
241 7174 86
7174 241 86
241 5307 501
5307 241 501
242 5712 81
5712 242 81
242 5714 59
5714 242 59
242 5306 218
5306 242 218
243 5806 56
5806 243 56
243 3414 619
3414 243 619
243 5805 568
5805 243 568
244 6292 82
6292 244 82
244 5350 663
5350 244 663
245 6301 90
6301 245 90
245 5350 354
5350 245 354
245 246 1004
246 245 1004
246 1149 181
1149 246 181
246 5283 93
5283 246 93
247 7192 83
7192 247 83
247 2262 549
2262 247 549
247 248 204
248 247 204
248 6566 101
6566 248 101
248 1992 521
1992 248 521
249 6568 74
6568 249 74
249 1992 80
1992 249 80
249 250 336
250 249 336
250 6565 93
6565 250 93
250 1991 66
1991 250 66
251 6529 82
6529 251 82
251 6513 71
6513 251 71
251 252 381
252 251 381
251 6511 89
6511 251 89
252 6525 137
6525 252 137
252 6516 59
6516 252 59
252 6527 95
6527 252 95
253 6510 80
6510 253 80
253 6527 317
6527 253 317
253 254 473
254 253 473
254 6521 111
6521 254 111
254 255 308
255 254 308
255 6539 76
6539 255 76
255 6542 784
6542 255 784
256 6494 66
6494 256 66
256 6485 100
6485 256 100
256 6484 25
6484 256 25
256 6489 448
6489 256 448
257 6489 30
6489 257 30
257 6492 44
6492 257 44
257 6493 88
6493 257 88
257 6491 86
6491 257 86
258 6324 70
6324 258 70
258 6492 513
6492 258 513
258 4346 491
4346 258 491
259 4344 58
4344 259 58
259 4350 137
4350 259 137
259 4346 32
4346 259 32
259 4342 90
4342 259 90
260 4340 68
4340 260 68
260 4342 584
4342 260 584
260 4335 606
4335 260 606
261 7028 71
7028 261 71
261 4330 69
4330 261 69
261 4335 66
4335 261 66
261 6845 597
6845 261 597
262 3929 20
3929 262 20
262 3933 119
3933 262 119
262 3925 144
3925 262 144
262 1037 122
1037 262 122
263 4898 1127
4898 263 1127
264 4899 106
4899 264 106
264 4896 83
4896 264 83
265 4890 159
4890 265 159
265 2360 64
2360 265 64
266 5378 837
5378 266 837
266 428 666
428 266 666
267 4959 100
4959 267 100
267 4958 80
4958 267 80
268 2711 1798
2711 268 1798
268 1735 516
1735 268 516
269 5091 22
5091 269 22
269 5646 105
5646 269 105
269 5098 79
5098 269 79
269 5102 29
5102 269 29
270 4235 17
4235 270 17
270 4229 22
4229 270 22
270 4225 953
4225 270 953
271 4307 21
4307 271 21
271 2671 380
2671 271 380
272 3875 19
3875 272 19
272 3880 966
3880 272 966
273 529 2432
529 273 2432
273 7259 1661
7259 273 1661
274 5602 101
5602 274 101
274 1811 226
1811 274 226
274 4876 231
4876 274 231
275 3638 32
3638 275 32
275 3644 970
3644 275 970
275 4661 30
4661 275 30
276 4604 254
4604 276 254
276 1886 39
1886 276 39
277 4135 145
4135 277 145
278 2923 150
2923 278 150
279 5415 146
5415 279 146
279 2940 58
2940 279 58
279 2941 79
2941 279 79
280 5380 20
5380 280 20
280 5376 38
5376 280 38
280 2111 145
2111 280 145
281 4059 34
4059 281 34
281 4057 31
4057 281 31
281 4058 172
4058 281 172
281 4056 176
4056 281 176
282 4944 160
4944 282 160
282 4942 155
4942 282 155
282 4941 26
4941 282 26
282 4943 17
4943 282 17
283 2897 109
2897 283 109
283 2803 73
2803 283 73
283 2893 274
2893 283 274
284 4281 72
4281 284 72
284 4276 65
4276 284 65
284 4267 60
4267 284 60
284 4272 70
4272 284 70
285 7186 88
7186 285 88
285 2281 287
2281 285 287
285 4272 464
4272 285 464
286 404 1038
404 286 1038
286 6752 22
6752 286 22
286 6716 18
6716 286 18
287 4153 25
4153 287 25
287 376 1065
376 287 1065
288 3051 116
3051 288 116
289 369 389
369 289 389
289 320 1306
320 289 1306
290 5511 104
5511 290 104
290 310 188
310 290 188
291 5512 82
5512 291 82
291 292 84
292 291 84
292 5519 90
5519 292 90
292 293 141
293 292 141
293 5865 80
5865 293 80
294 5869 24
5869 294 24
294 5872 20
5872 294 20
294 5870 105
5870 294 105
294 5874 79
5874 294 79
295 3230 54
3230 295 54
295 3116 161
3116 295 161
295 7202 82
7202 295 82
296 5915 250
5915 296 250
296 5910 106
5910 296 106
296 5908 75
5908 296 75
296 5911 118
5911 296 118
297 5425 102
5425 297 102
297 2385 193
2385 297 193
297 298 270
298 297 270
298 5480 109
5480 298 109
298 5476 338
5476 298 338
299 4388 88
4388 299 88
299 4376 217
4376 299 217
300 4376 21
4376 300 21
300 4380 18
4380 300 18
300 4378 91
4378 300 91
300 4375 80
4375 300 80
301 4350 439
4350 301 439
301 2681 549
2681 301 549
301 4352 21
4352 301 21
302 3756 21
3756 302 21
302 380 1031
380 302 1031
302 421 1042
421 302 1042
303 5891 16
5891 303 16
303 7202 1061
7202 303 1061
303 2659 891
2659 303 891
304 5666 23
5666 304 23
304 5664 15
5664 304 15
304 5663 95
5663 304 95
304 5665 91
5665 304 91
305 5883 33
5883 305 33
305 2358 495
2358 305 495
305 2332 520
2332 305 520
306 5522 900
5522 306 900
306 4099 45
4099 306 45
307 6270 22
6270 307 22
307 5988 17
5988 307 17
307 6266 94
6266 307 94
307 6265 73
6265 307 73
308 5982 250
5982 308 250
308 309 224
309 308 224
308 5949 81
5949 308 81
309 310 223
310 309 223
309 5950 87
5950 309 87
309 729 188
729 309 188
310 5951 65
5951 310 65
311 3599 1011
3599 311 1011
311 322 1001
322 311 1001
312 4187 22
4187 312 22
312 2668 503
2668 312 503
312 3855 558
3855 312 558
313 5958 97
5958 313 97
313 2392 133
2392 313 133
314 327 1358
327 314 1358
314 328 997
328 314 997
314 5545 221
5545 314 221
314 541 43
541 314 43
315 4592 63
4592 315 63
315 4606 45
4606 315 45
315 4706 1858
4706 315 1858
315 4602 1689
4602 315 1689
316 1587 226
1587 316 226
316 1585 202
1585 316 202
316 4729 87
4729 316 87
316 4736 65
4736 316 65
317 4694 45
4694 317 45
317 4697 91
4697 317 91
317 4695 85
4695 317 85
318 5955 100
5955 318 100
318 2394 125
2394 318 125
319 405 1037
405 319 1037
319 6765 24
6765 319 24
319 6718 17
6718 319 17
321 4930 581
4930 321 581
322 652 639
652 322 639
323 434 594
434 323 594
323 3596 749
3596 323 749
324 2721 1627
2721 324 1627
324 2707 1277
2707 324 1277
325 326 2035
326 325 2035
325 4697 2332
4697 325 2332
325 4577 27
4577 325 27
326 4584 30
4584 326 30
327 1971 884
1971 327 884
328 329 1509
329 328 1509
329 3351 28
3351 329 28
330 6265 1049
6265 330 1049
330 5990 961
5990 330 961
330 6274 24
6274 330 24
330 5994 19
5994 330 19
331 4863 31
4863 331 31
331 332 376
332 331 376
331 4874 975
4874 331 975
332 4868 27
4868 332 27
332 4861 542
4861 332 542
333 402 1039
402 333 1039
333 2263 2824
2263 333 2824
334 3456 86
3456 334 86
334 3446 43
3446 334 43
334 3444 116
3444 334 116
335 6564 91
6564 335 91
335 7189 27
7189 335 27
335 6563 70
6563 335 70
335 7197 42
7197 335 42
336 6568 209
6568 336 209
337 3964 91
3964 337 91
337 3962 273
3962 337 273
337 6303 28
6303 337 28
338 6703 954
6703 338 954
338 6758 947
6758 338 947
338 6707 23
6707 338 23
338 6706 19
6706 338 19
339 4115 24
4115 339 24
339 2664 930
2664 339 930
340 592 845
592 340 845
341 1023 475
1023 341 475
341 425 105
425 341 105
342 378 1059
378 342 1059
343 1954 65
1954 343 65
344 5957 113
5957 344 113
344 2393 125
2393 344 125
345 5067 27
5067 345 27
345 5036 21
5036 345 21
345 5033 88
5033 345 88
345 5040 96
5040 345 96
346 4260 21
4260 346 21
346 4366 17
4366 346 17
346 4367 85
4367 346 85
346 4368 79
4368 346 79
347 4321 21
4321 347 21
347 2676 514
2676 347 514
347 361 344
361 347 344
347 4355 17
4355 347 17
348 5774 2144
5774 348 2144
348 4966 2123
4966 348 2123
349 5208 73
5208 349 73
349 5148 59
5148 349 59
349 5466 71
5466 349 71
349 5468 70
5468 349 70
350 5125 66
5125 350 66
350 5116 53
5116 350 53
350 6306 764
6306 350 764
351 5122 72
5122 351 72
351 6319 50
6319 351 50
351 6320 710
6320 351 710
352 4764 73
4764 352 73
352 4759 58
4759 352 58
352 364 1046
364 352 1046
352 4779 743
4779 352 743
353 4753 59
4753 353 59
353 4790 47
4790 353 47
353 7090 1930
7090 353 1930
353 424 829
424 353 829
354 4808 71
4808 354 71
354 4805 60
4805 354 60
354 7078 1908
7078 354 1908
354 360 829
360 354 829
355 408 1303
408 355 1303
355 1953 682
1953 355 682
356 6286 98
6286 356 98
356 5285 93
5285 356 93
356 2367 308
2367 356 308
356 5263 563
5263 356 563
357 6338 79
6338 357 79
357 6320 63
6320 357 63
357 6337 46
6337 357 46
357 6339 71
6339 357 71
358 6338 696
6338 358 696
358 6331 73
6331 358 73
358 6349 47
6349 358 47
359 7080 107
7080 359 107
359 7088 88
7088 359 88
359 7068 640
7068 359 640
360 5529 1985
5529 360 1985
360 4815 56
4815 360 56
360 4811 73
4811 360 73
361 4311 604
4311 361 604
361 4348 84
4348 361 84
362 5774 85
5774 362 85
363 5259 112
5259 363 112
363 5267 105
5267 363 105
363 5263 71
5263 363 71
363 5271 53
5271 363 53
364 5259 985
5259 364 985
365 4779 67
4779 365 67
365 6348 69
6348 365 69
365 4776 56
4776 365 56
365 6345 78
6345 365 78
366 6348 588
6348 366 588
367 2681 490
2681 367 490
367 2676 514
2676 367 514
367 4328 21
4328 367 21
368 2661 736
2661 368 736
368 369 625
369 368 625
369 1951 496
1951 369 496
370 5430 129
5430 370 129
370 3418 137
3418 370 137
370 5431 59
5431 370 59
370 5429 41
5429 370 41
371 5427 26
5427 371 26
371 5003 23
5003 371 23
371 5434 944
5434 371 944
371 7233 554
7233 371 554
372 3906 94
3906 372 94
372 3534 93
3534 372 93
372 3905 71
3905 372 71
372 2889 109
2889 372 109
373 4283 41
4283 373 41
373 4268 77
4268 373 77
374 3978 94
3978 374 94
374 3969 45
3969 374 45
374 3415 54
3415 374 54
375 6562 97
6562 375 97
375 6560 81
6560 375 81
375 6559 42
6559 375 42
375 6561 28
6561 375 28
376 4154 24
4154 376 24
376 2663 3304
2663 376 3304
377 1142 87
1142 377 87
378 406 2769
406 378 2769
379 5954 103
5954 379 103
379 2395 131
2395 379 131
380 3753 21
3753 380 21
380 3772 1383
3772 380 1383
381 5556 188
5556 381 188
381 3741 97
3741 381 97
382 5187 81
5187 382 81
382 5184 62
5184 382 62
382 5195 698
5195 382 698
383 6310 81
6310 383 81
383 6326 53
6326 383 53
383 6304 777
6304 383 777
384 5816 365
5816 384 365
385 5990 77
5990 385 77
385 2397 185
2397 385 185
386 5953 109
5953 386 109
386 2396 155
2396 386 155
387 5948 96
5948 387 96
387 2388 152
2388 387 152
388 552 713
552 388 713
388 433 108
433 388 108
389 4835 26
4835 389 26
389 4833 46
4833 389 46
389 4942 1562
4942 389 1562
389 4834 72
4834 389 72
390 4619 120
4619 390 120
390 4617 88
4617 390 88
390 1586 187
1586 390 187
391 2027 1797
2027 391 1797
391 5560 1613
5560 391 1613
391 4507 47
4507 391 47
391 4506 33
4506 391 33
392 4537 131
4537 392 131
392 393 63
393 392 63
392 1578 137
1578 392 137
393 4548 102
4548 393 102
393 1590 95
1590 393 95
394 4145 93
4145 394 93
394 6965 439
6965 394 439
394 4154 225
4154 394 225
395 6297 64
6297 395 64
395 6290 628
6290 395 628
395 2367 382
2367 395 382
395 6283 77
6283 395 77
396 7193 725
7193 396 725
397 4275 109
4275 397 109
398 5236 97
5236 398 97
398 5244 116
5244 398 116
398 5232 61
5232 398 61
398 5240 65
5240 398 65
399 3976 69
3976 399 69
399 6290 57
6290 399 57
399 3404 54
3404 399 54
399 3405 51
3405 399 51
400 6279 98
6279 400 98
400 5275 112
5275 400 112
400 2376 418
2376 400 418
401 4546 149
4546 401 149
401 3772 122
3772 401 122
401 3775 36
3775 401 36
401 3769 46
3769 401 46
403 6705 98
6705 403 98
403 6703 80
6703 403 80
403 6704 19
6704 403 19
403 6702 24
6702 403 24
404 6754 96
6754 404 96
404 6753 21
6753 404 21
404 5626 689
5626 404 689
405 6266 401
6266 405 401
405 6262 19
6262 405 19
406 2397 1032
2397 406 1032
407 5201 74
5201 407 74
407 5193 78
5193 407 78
407 5195 77
5195 407 77
407 5198 58
5198 407 58
409 6680 274
6680 409 274
409 6704 527
6704 409 527
410 411 142
411 410 142
410 430 296
430 410 296
411 412 133
412 411 133
412 413 147
413 412 147
413 414 190
414 413 190
415 6305 54
6305 415 54
415 6307 85
6307 415 85
415 6306 88
6306 415 88
415 6304 77
6304 415 77
416 4362 22
4362 416 22
416 4370 18
4370 416 18
416 4372 93
4372 416 93
416 4371 79
4371 416 79
417 4035 47
4035 417 47
417 4605 2584
4605 417 2584
417 4546 1332
4546 417 1332
418 5912 30
5912 418 30
418 5910 1329
5910 418 1329
419 4878 69
4878 419 69
419 4881 45
4881 419 45
419 4876 31
4876 419 31
419 4874 112
4874 419 112
420 4604 43
4604 420 43
420 4605 85
4605 420 85
420 4602 114
4602 420 114
420 4601 37
4601 420 37
421 3919 21
3919 421 21
421 3933 947
3933 421 947
422 3056 58
3056 422 58
423 1453 429
1453 423 429
423 1730 413
1730 423 413
424 5530 1956
5530 424 1956
424 4781 52
4781 424 52
424 4770 61
4770 424 61
426 1959 46
1959 426 46
426 4902 86
4902 426 86
427 2116 63
2116 427 63
427 451 127
451 427 127
428 3366 75
3366 428 75
429 1444 400
1444 429 400
429 1453 648
1453 429 648
430 2071 209
2071 430 209
431 520 3384
520 431 3384
432 1447 609
1447 432 609
432 1035 799
1035 432 799
434 435 353
435 434 353
435 2070 298
2070 435 298
436 437 342
437 436 342
436 2070 119
2070 436 119
437 438 582
438 437 582
438 439 147
439 438 147
439 440 187
440 439 187
440 441 409
441 440 409
442 1739 82
1739 442 82
443 1739 104
1739 443 104
444 1160 706
1160 444 706
444 445 382
445 444 382
445 543 82
543 445 82
446 543 523
543 446 523
446 447 531
447 446 531
447 3482 125
3482 447 125
448 3480 296
3480 448 296
448 449 846
449 448 846
449 450 573
450 449 573
450 3473 552
3473 450 552
451 5376 107
5376 451 107
452 4668 157
4668 452 157
452 453 201
453 452 201
453 7088 220
7088 453 220
454 1158 280
1158 454 280
454 2120 87
2120 454 87
455 7063 19
7063 455 19
455 1065 53
1065 455 53
455 7072 319
7072 455 319
456 7061 141
7061 456 141
456 7087 446
7087 456 446
456 6842 1976
6842 456 1976
456 7062 15
7062 456 15
456 7064 18
7064 456 18
457 1430 71
1430 457 71
457 6852 183
6852 457 183
457 6853 68
6853 457 68
458 6852 347
6852 458 347
458 2150 125
2150 458 125
459 2150 374
2150 459 374
459 460 557
460 459 557
460 2698 480
2698 460 480
461 2698 192
2698 461 192
461 462 412
462 461 412
462 1422 113
1422 462 113
463 6902 86
6902 463 86
463 6901 77
6901 463 77
464 6900 81
6900 464 81
464 6899 84
6899 464 84
464 1358 257
1358 464 257
465 6898 81
6898 465 81
465 6897 86
6897 465 86
466 6893 77
6893 466 77
466 6892 68
6892 466 68
467 6891 54
6891 467 54
467 468 148
468 467 148
467 1360 366
1360 467 366
468 6818 80
6818 468 80
468 1360 240
1360 468 240
469 6818 30
6818 469 30
469 6819 83
6819 469 83
470 6820 182
6820 470 182
470 1361 283
1361 470 283
470 471 286
471 470 286
471 472 135
472 471 135
471 1342 154
1342 471 154
472 473 127
473 472 127
473 474 46
474 473 46
473 1347 144
1347 473 144
474 1484 38
1484 474 38
475 1348 27
1348 475 27
475 1379 59
1379 475 59
476 1379 430
1379 476 430
476 477 759
477 476 759
477 478 613
478 477 613
478 1150 260
1150 478 260
479 6932 89
6932 479 89
479 6931 89
6931 479 89
480 6928 81
6928 480 81
480 6941 101
6941 480 101
481 6939 105
6939 481 105
481 6938 89
6938 481 89
482 6935 74
6935 482 74
482 483 325
483 482 325
483 1121 207
1121 483 207
483 1146 128
1146 483 128
484 1056 530
1056 484 530
484 485 285
485 484 285
485 1738 98
1738 485 98
486 1738 80
1738 486 80
486 3811 489
3811 486 489
487 4206 385
4206 487 385
487 3598 326
3598 487 326
488 2565 552
2565 488 552
488 495 811
495 488 811
488 2572 81
2572 488 81
488 2565 552
2565 488 552
488 495 811
495 488 811
488 2565 552
2565 488 552
489 501 872
501 489 872
489 496 717
496 489 717
489 501 872
501 489 872
489 496 717
496 489 717
490 496 437
496 490 437
490 502 592
502 490 592
490 496 437
496 490 437
490 502 592
502 490 592
491 502 705
502 491 705
491 497 129
497 491 129
491 502 705
502 491 705
491 2606 82
2606 491 82
492 3118 110
3118 492 110
492 3114 67
3114 492 67
493 3191 293
3191 493 293
493 498 2083
498 493 2083
494 3308 2051
3308 494 2051
494 505 475
505 494 475
494 3308 2051
3308 494 2051
494 505 475
505 494 475
495 505 212
505 495 212
495 505 212
505 495 212
497 3117 221
3117 497 221
498 3189 528
3189 498 528
499 2986 83
2986 499 83
499 2980 141
2980 499 141
499 500 462
500 499 462
500 506 445
506 500 445
501 2570 835
2570 501 835
501 2570 835
2570 501 835
502 2641 484
2641 502 484
502 2642 107
2642 502 107
502 2649 422
2649 502 422
502 2642 107
2642 502 107
502 2641 484
2641 502 484
502 3317 44
3317 502 44
503 3113 146
3113 503 146
503 504 1039
504 503 1039
504 3191 1110
3191 504 1110
506 1460 58
1460 506 58
507 5908 181
5908 507 181
507 517 119
517 507 119
508 596 183
596 508 183
508 5915 456
5915 508 456
509 510 4706
510 509 4706
510 511 906
511 510 906
511 597 1605
597 511 1605
512 597 256
597 512 256
512 513 266
513 512 266
513 650 367
650 513 367
514 650 85
650 514 85
514 515 132
515 514 132
517 651 230
651 517 230
518 1770 884
1770 518 884
518 1795 2216
1795 518 2216
519 1967 88
1967 519 88
519 3438 296
3438 519 296
520 521 842
521 520 842
521 522 687
522 521 687
522 523 554
523 522 554
523 524 557
524 523 557
524 525 555
525 524 555
525 526 584
526 525 584
526 527 4428
527 526 4428
527 1971 2063
1971 527 2063
527 528 1705
528 527 1705
529 530 841
530 529 841
530 531 611
531 530 611
531 532 611
532 531 611
532 533 554
533 532 554
533 534 603
534 533 603
534 535 584
535 534 584
535 536 3675
536 535 3675
536 1970 608
1970 536 608
536 7258 1966
7258 536 1966
537 7258 991
7258 537 991
538 539 261
539 538 261
538 540 697
540 538 697
539 541 785
541 539 785
540 4698 176
4698 540 176
540 4697 36
4697 540 36
542 2365 25
2365 542 25
542 2711 204
2711 542 204
544 5312 33
5312 544 33
544 5309 69
5309 544 69
544 5316 755
5316 544 755
545 1762 121
1762 545 121
545 5333 1555
5333 545 1555
545 5334 618
5334 545 618
546 3648 78
3648 546 78
546 2427 944
2427 546 944
546 3557 761
3557 546 761
547 3647 614
3647 547 614
547 3650 89
3650 547 89
547 6406 136
6406 547 136
548 3667 92
3667 548 92
548 992 46
992 548 46
548 2464 282
2464 548 282
549 1485 175
1485 549 175
549 1759 56
1759 549 56
550 6288 177
6288 550 177
550 3405 1822
3405 550 1822
551 3399 431
3399 551 431
551 5255 410
5255 551 410
552 556 638
556 552 638
553 2715 1084
2715 553 1084
554 2717 1773
2717 554 1773
555 5770 92
5770 555 92
555 2718 247
2718 555 247
555 1961 396
1961 555 396
556 2718 53
2718 556 53
556 5764 58
5764 556 58
557 1080 8
1080 557 8
557 3230 108
3230 557 108
558 1041 674
1041 558 674
558 575 116
575 558 116
559 1041 635
1041 559 635
559 560 137
560 559 137
560 561 146
561 560 146
561 562 61
562 561 61
562 563 43
563 562 43
563 564 43
564 563 43
564 565 98
565 564 98
565 566 165
566 565 165
566 567 182
567 566 182
567 568 1175
568 567 1175
568 569 215
569 568 215
569 570 149
570 569 149
570 571 82
571 570 82
571 572 33
572 571 33
572 573 75
573 572 75
573 574 110
574 573 110
574 575 138
575 574 138
576 1379 96
1379 576 96
576 577 149
577 576 149
577 578 113
578 577 113
578 579 77
579 578 77
579 580 74
580 579 74
580 1104 506
1104 580 506
580 1102 318
1102 580 318
580 2695 425
2695 580 425
581 582 76
582 581 76
581 647 268
647 581 268
581 591 268
591 581 268
582 5875 35
5875 582 35
583 5875 20
5875 583 20
583 584 28
584 583 28
584 585 51
585 584 51
585 586 165
586 585 165
586 587 164
587 586 164
587 588 59
588 587 59
588 589 30
589 588 30
588 3042 70
3042 588 70
589 590 55
590 589 55
590 591 123
591 590 123
591 648 42
648 591 42
592 3813 1061
3813 592 1061
593 3809 4
3809 593 4
593 594 95
594 593 95
594 595 86
595 594 86
594 3048 408
3048 594 408
595 3042 91
3042 595 91
596 5918 48
5918 596 48
597 5918 10
5918 597 10
597 598 191
598 597 191
598 599 108
599 598 108
598 5843 58
5843 598 58
599 600 110
600 599 110
600 601 105
601 600 105
601 602 45
602 601 45
602 603 57
603 602 57
602 4500 580
4500 602 580
603 604 66
604 603 66
604 605 107
605 604 107
605 606 232
606 605 232
605 607 68
607 605 68
606 609 143
609 606 143
607 608 112
608 607 112
608 610 149
610 608 149
609 610 89
610 609 89
611 612 111
612 611 111
612 613 118
613 612 118
613 614 101
614 613 101
614 615 50
615 614 50
615 616 84
616 615 84
616 617 109
617 616 109
617 618 51
618 617 51
618 619 43
619 618 43
619 620 82
620 619 82
620 3045 95
3045 620 95
621 3045 33
3045 621 33
621 622 137
622 621 137
622 623 221
623 622 221
623 624 220
624 623 220
624 625 955
625 624 955
625 626 119
626 625 119
626 627 184
627 626 184
627 628 208
628 627 208
628 629 232
629 628 232
629 630 107
630 629 107
630 631 185
631 630 185
630 3043 58
3043 630 58
631 632 110
632 631 110
632 633 60
633 632 60
633 634 46
634 633 46
634 3044 27
3044 634 27
635 3044 91
3044 635 91
635 636 150
636 635 150
636 637 209
637 636 209
637 638 322
638 637 322
638 639 214
639 638 214
639 640 131
640 639 131
640 641 71
641 640 71
641 642 57
642 641 57
642 649 1467
649 642 1467
643 644 265
644 643 265
643 1480 768
1480 643 768
644 645 21
645 644 21
645 646 66
646 645 66
646 647 113
647 646 113
648 1480 279
1480 648 279
648 3044 1546
3044 648 1546
649 1480 1275
1480 649 1275
650 4500 27
4500 650 27
650 651 78
651 650 78
653 6639 40
6639 653 40
653 3426 168
3426 653 168
653 5641 28
5641 653 28
654 3422 212
3422 654 212
654 730 202
730 654 202
654 655 162
655 654 162
655 6097 40
6097 655 40
655 6641 16
6641 655 16
656 6641 31
6641 656 31
656 657 73
657 656 73
657 658 77
658 657 77
658 6628 38
6628 658 38
659 6628 24
6628 659 24
659 660 59
660 659 59
660 661 108
661 660 108
661 840 25
840 661 25
662 840 34
840 662 34
662 663 93
663 662 93
663 664 48
664 663 48
664 821 60
821 664 60
664 665 84
665 664 84
665 666 108
666 665 108
666 667 102
667 666 102
667 668 108
668 667 108
668 825 56
825 668 56
668 669 89
669 668 89
669 670 93
670 669 93
670 671 107
671 670 107
671 672 155
672 671 155
672 673 620
673 672 620
673 674 167
674 673 167
674 3037 48
3037 674 48
674 675 234
675 674 234
675 3032 221
3032 675 221
676 3032 83
3032 676 83
676 677 41
677 676 41
677 956 159
956 677 159
677 6909 46
6909 677 46
678 6908 57
6908 678 57
678 6907 77
6907 678 77
679 6907 58
6907 679 58
679 6906 77
6906 679 77
680 6906 81
6906 680 81
680 6905 85
6905 680 85
681 6904 87
6904 681 87
681 682 285
682 681 285
682 683 281
683 682 281
683 684 89
684 683 89
684 881 208
881 684 208
684 685 699
685 684 699
685 686 214
686 685 214
686 687 286
687 686 286
687 688 149
688 687 149
688 689 191
689 688 191
689 690 144
690 689 144
690 691 145
691 690 145
691 692 139
692 691 139
692 693 193
693 692 193
693 694 125
694 693 125
694 695 172
695 694 172
695 696 155
696 695 155
696 697 115
697 696 115
697 880 83
880 697 83
698 880 40
880 698 40
698 699 128
699 698 128
699 700 156
700 699 156
700 701 119
701 700 119
701 702 196
702 701 196
702 703 161
703 702 161
703 901 91
901 703 91
703 704 186
704 703 186
704 705 74
705 704 74
705 706 99
706 705 99
706 707 101
707 706 101
707 708 178
708 707 178
708 709 197
709 708 197
709 710 145
710 709 145
710 711 115
711 710 115
711 712 53
712 711 53
712 713 60
713 712 60
713 714 71
714 713 71
714 715 45
715 714 45
715 716 35
716 715 35
716 986 95
986 716 95
716 717 133
717 716 133
717 718 129
718 717 129
718 719 123
719 718 123
719 720 61
720 719 61
720 721 69
721 720 69
721 772 222
772 721 222
721 722 69
722 721 69
722 723 93
723 722 93
723 724 117
724 723 117
724 725 145
725 724 145
725 726 71
726 725 71
726 771 60
771 726 60
726 727 65
727 726 65
727 728 172
728 727 172
728 729 107
729 728 107
730 6095 56
6095 730 56
731 6095 182
6095 731 182
731 732 167
732 731 167
732 733 191
733 732 191
733 6104 43
6104 733 43
734 6104 135
6104 734 135
734 735 155
735 734 155
735 736 209
736 735 209
735 1479 166
1479 735 166
736 6154 119
6154 736 119
737 6154 104
6154 737 104
737 738 126
738 737 126
738 739 169
739 738 169
739 740 250
740 739 250
739 6150 105
6150 739 105
740 741 323
741 740 323
741 6112 86
6112 741 86
742 6124 74
6124 742 74
742 743 263
743 742 263
743 744 198
744 743 198
744 745 101
745 744 101
744 843 135
843 744 135
745 746 187
746 745 187
746 747 174
747 746 174
747 748 155
748 747 155
748 749 190
749 748 190
749 750 190
750 749 190
750 751 233
751 750 233
751 752 180
752 751 180
752 753 197
753 752 197
753 754 263
754 753 263
754 755 150
755 754 150
755 756 167
756 755 167
755 858 95
858 755 95
756 757 179
757 756 179
757 758 549
758 757 549
758 759 340
759 758 340
759 3028 211
3028 759 211
760 3028 193
3028 760 193
760 761 370
761 760 370
761 762 269
762 761 269
762 763 233
763 762 233
763 764 258
764 763 258
764 765 379
765 764 379
