4021 9780
0 4001 142
4001 0 142
0 2336 1811
2336 0 1811
1 1176 1999
1176 1 1999
1 1787 103
1787 1 103
1 2188 39
2188 1 39
2 4005 201
4005 2 201
2 114 1755
114 2 1755
3 253 95
253 3 95
3 2198 86
2198 3 86
3 89 1863
89 3 1863
3 149 3136
149 3 3136
3 1342 45
1342 3 45
4 199 553
199 4 553
4 3979 439
3979 4 439
4 563 191
563 4 191
5 910 65
910 5 65
5 370 214
370 5 214
5 2110 475
2110 5 475
6 3995 193
3995 6 193
6 3996 88
3996 6 88
6 3997 165
3997 6 165
6 3999 85
3999 6 85
6 3998 269
3998 6 269
7 1233 237
1233 7 237
7 1017 554
1017 7 554
7 800 438
800 7 438
7 3558 295
3558 7 295
8 198 527
198 8 527
8 617 1521
617 8 1521
8 563 939
563 8 939
8 648 687
648 8 687
9 2372 279
2372 9 279
9 2273 304
2273 9 304
9 789 982
789 9 982
9 2370 321
2370 9 321
9 2870 368
2870 9 368
10 1419 157
1419 10 157
10 912 2061
912 10 2061
10 458 727
458 10 727
10 3922 46
3922 10 46
11 443 214
443 11 214
11 165 152
165 11 152
11 2379 990
2379 11 990
12 20 2325
20 12 2325
12 2104 316
2104 12 316
12 2275 262
2275 12 262
13 17 257
17 13 257
13 2073 718
2073 13 718
13 14 329
14 13 329
14 836 251
836 14 251
14 2105 296
2105 14 296
15 911 1408
911 15 1408
15 2098 313
2098 15 313
15 2104 14
2104 15 14
16 911 2334
911 16 2334
16 362 1179
362 16 1179
17 2074 503
2074 17 503
18 1152 153
1152 18 153
18 1011 259
1011 18 259
18 19 846
19 18 846
18 2103 638
2103 18 638
19 792 322
792 19 322
19 2110 2022
2110 19 2022
20 898 1227
898 20 1227
20 1083 458
1083 20 458
21 2909 1564
2909 21 1564
21 1416 173
1416 21 173
21 22 346
22 21 346
21 994 243
994 21 243
22 1109 2481
1109 22 2481
22 23 721
23 22 721
23 752 2157
752 23 2157
23 1418 147
1418 23 147
23 983 336
983 23 336
24 957 1092
957 24 1092
24 2368 104
2368 24 104
24 458 676
458 24 676
25 2821 1698
2821 25 1698
25 1421 150
1421 25 150
25 26 661
26 25 661
25 2368 261
2368 25 261
26 2366 167
2366 26 167
27 556 1818
556 27 1818
27 28 345
28 27 345
27 2366 213
2366 27 213
28 848 3234
848 28 3234
28 1423 149
1423 28 149
28 172 361
172 28 361
29 301 4358
301 29 4358
29 288 368
288 29 368
29 2365 473
2365 29 473
30 1266 997
1266 30 997
31 1912 1216
1912 31 1216
31 1313 2260
1313 31 2260
32 1336 294
1336 32 294
32 33 950
33 32 950
33 34 356
34 33 356
34 1353 150
1353 34 150
34 35 180
35 34 180
35 1362 516
1362 35 516
36 2058 3219
2058 36 3219
36 3261 2227
3261 36 2227
36 266 58
266 36 58
36 2057 49
2057 36 49
37 2022 100
2022 37 100
37 3261 187
3261 37 187
37 261 75
261 37 75
37 3264 70
3264 37 70
38 106 297
106 38 297
38 263 85
263 38 85
38 3164 1624
3164 38 1624
38 2064 214
2064 38 214
39 3268 238
3268 39 238
39 262 66
262 39 66
39 1887 78
1887 39 78
40 41 655
41 40 655
40 271 145
271 40 145
41 277 138
277 41 138
42 1237 85
1237 42 85
42 101 1929
101 42 1929
42 1196 54
1196 42 54
43 863 1694
863 43 1694
43 269 56
269 43 56
43 2005 110
2005 43 110
43 195 2753
195 43 2753
44 1999 101
1999 44 101
44 2161 133
2161 44 133
44 678 1794
678 44 1794
44 2000 92
2000 44 92
45 2161 1414
2161 45 1414
45 2780 83
2780 45 83
46 80 355
80 46 355
46 2767 1436
2767 46 1436
46 1845 245
1845 46 245
46 211 1200
211 46 1200
46 1843 240
1843 46 240
47 2767 2097
2767 47 2097
47 2476 808
2476 47 808
47 1928 82
1928 47 82
47 1927 98
1927 47 98
47 1221 444
1221 47 444
48 2130 1518
2130 48 1518
48 3097 239
3097 48 239
48 2221 819
2221 48 819
49 2766 1207
2766 49 1207
49 2697 2614
2697 49 2614
49 3097 2330
3097 49 2330
49 4017 161
4017 49 161
50 51 1149
51 50 1149
50 2136 55
2136 50 55
50 1828 55
1828 50 55
51 2759 480
2759 51 480
52 2123 127
2123 52 127
52 53 432
53 52 432
53 1925 1015
1925 53 1015
54 1926 1821
1926 54 1821
54 2647 230
2647 54 230
55 211 795
211 55 795
55 1841 735
1841 55 735
56 1836 294
1836 56 294
56 2631 219
2631 56 219
57 1221 187
1221 57 187
57 1929 168
1929 57 168
58 3897 340
3897 58 340
58 1842 274
1842 58 274
58 1306 146
1306 58 146
58 67 106
67 58 106
59 60 760
60 59 760
59 1306 195
1306 59 195
60 275 178
275 60 178
61 275 134
275 61 134
61 1747 102
1747 61 102
61 1982 220
1982 61 220
62 1747 73
1747 62 73
62 1976 138
1976 62 138
62 63 86
63 62 86
63 1972 197
1972 63 197
63 64 224
64 63 224
64 1298 102
1298 64 102
64 123 186
123 64 186
65 1303 206
1303 65 206
65 123 679
123 65 679
66 1836 241
1836 66 241
66 1303 165
1303 66 165
66 1318 81
1318 66 81
67 1318 74
1318 67 74
68 826 1634
826 68 1634
68 2689 2349
2689 68 2349
68 1739 57
1739 68 57
68 1726 61
1726 68 61
69 1732 345
1732 69 345
69 70 348
70 69 348
69 3513 161
3513 69 161
69 1096 501
1096 69 501
69 1722 317
1722 69 317
69 1742 338
1742 69 338
69 1735 351
1735 69 351
69 3512 173
3512 69 173
70 1737 354
1737 70 354
71 2438 429
2438 71 429
71 1734 344
1734 71 344
72 364 133
364 72 133
72 73 178
73 72 178
73 3785 431
3785 73 431
74 3124 1469
3124 74 1469
74 637 363
637 74 363
74 2439 1048
2439 74 1048
74 196 514
196 74 514
75 1946 96
1946 75 96
75 1268 556
1268 75 556
75 1269 65
1269 75 65
75 2290 4382
2290 75 4382
76 1206 175
1206 76 175
76 77 259
77 76 259
77 2736 23
2736 77 23
78 2736 412
2736 78 412
78 542 210
542 78 210
79 542 131
542 79 131
79 1220 149
1220 79 149
80 1220 185
1220 80 185
80 1222 1684
1222 80 1684
80 2680 1609
2680 80 1609
81 212 3253
212 81 3253
81 1919 132
1919 81 132
81 1834 806
1834 81 806
81 2885 713
2885 81 713
82 3099 921
3099 82 921
82 203 926
203 82 926
83 2132 396
2132 83 396
83 203 432
203 83 432
83 2126 2014
2126 83 2014
84 2320 133
2320 84 133
84 87 2155
87 84 2155
84 2318 1777
2318 84 1777
85 86 4687
86 85 4687
85 3044 1465
3044 85 1465
85 129 494
129 85 494
85 2782 153
2782 85 153
86 150 3116
150 86 3116
86 130 497
130 86 497
86 151 730
151 86 730
87 207 1356
207 87 1356
87 2623 117
2623 87 117
88 3044 131
3044 88 131
88 1903 522
1903 88 522
88 94 392
94 88 392
89 3011 2777
3011 89 2777
90 1861 1210
1861 90 1210
90 1913 1161
1913 90 1161
91 1267 995
1267 91 995
92 305 505
305 92 505
92 1336 315
1336 92 315
93 1387 82
1387 93 82
93 1308 135
1308 93 135
94 1904 300
1904 94 300
95 1904 205
1904 95 205
95 128 293
128 95 293
96 1338 281
1338 96 281
96 128 405
128 96 405
96 2895 239
2895 96 239
97 1901 170
1901 97 170
97 1356 223
1356 97 223
97 98 417
98 97 417
98 1903 303
1903 98 303
98 99 957
99 98 957
99 1300 265
1300 99 265
100 1300 331
1300 100 331
100 3007 254
3007 100 254
101 1248 49
1248 101 49
101 3088 1944
3088 101 1944
102 1194 378
1194 102 378
102 249 304
249 102 304
102 1204 1860
1204 102 1860
103 249 115
249 103 115
103 1206 304
1206 103 304
104 1259 34
1259 104 34
104 2475 2807
2475 104 2807
104 3088 1501
3088 104 1501
105 1273 242
1273 105 242
105 1948 1630
1948 105 1630
106 2054 177
2054 106 177
106 3169 174
3169 106 174
107 2773 780
2773 107 780
107 2240 219
2240 107 219
107 2234 207
2234 107 207
108 1946 741
1946 108 741
108 2675 611
2675 108 611
108 1214 350
1214 108 350
108 2248 734
2248 108 734
109 3944 138
3944 109 138
109 3668 268
3668 109 268
109 3945 50
3945 109 50
110 3662 119
3662 110 119
110 2937 18
2937 110 18
110 3668 15
3668 110 15
111 3187 5357
3187 111 5357
111 3945 294
3945 111 294
111 2373 582
2373 111 582
112 230 3383
230 112 3383
112 3185 5412
3185 112 5412
112 2373 126
2373 112 126
112 2374 156
2374 112 156
113 2961 457
2961 113 457
113 2174 888
2174 113 888
113 117 554
117 113 554
114 3958 86
3958 114 86
114 3962 794
3962 114 794
115 1079 1303
1079 115 1303
115 802 178
802 115 178
115 2949 131
2949 115 131
116 2949 97
2949 116 97
116 2950 40
2950 116 40
117 118 1481
118 117 1481
118 2823 58
2823 118 58
118 2982 766
2982 118 766
118 1414 198
1414 118 198
119 3188 109
3188 119 109
119 1051 1384
1051 119 1384
119 120 1144
120 119 1144
120 1178 306
1178 120 306
121 3188 128
3188 121 128
121 1415 2906
1415 121 2906
122 1905 213
1905 122 213
122 1311 157
1311 122 157
124 2880 757
2880 124 757
124 2301 485
2301 124 485
124 2489 291
2489 124 291
125 2880 3537
2880 125 3537
125 1917 1129
1917 125 1129
125 1915 152
1915 125 152
126 2883 3532
2883 126 3532
126 1894 96
1894 126 96
126 3061 556
3061 126 556
127 2883 797
2883 127 797
127 131 713
131 127 713
127 3112 696
3112 127 696
128 3055 154
3055 128 154
129 130 4808
130 129 4808
129 132 567
132 129 567
130 1894 567
1894 130 567
131 3055 1388
3055 131 1388
131 2311 805
2311 131 805
131 132 138
132 131 138
133 2722 389
2722 133 389
133 146 180
146 133 180
134 2717 429
2717 134 429
134 2715 59
2715 134 59
135 2708 773
2708 135 773
135 136 491
136 135 491
136 137 446
137 136 446
137 138 210
138 137 210
138 2731 217
2731 138 217
139 2730 341
2730 139 341
139 140 85
140 139 85
140 141 769
141 140 769
141 142 125
142 141 125
142 2729 1492
2729 142 1492
143 2727 890
2727 143 890
143 2792 54
2792 143 54
144 2793 284
2793 144 284
144 145 774
145 144 774
145 2723 322
2723 145 322
146 2724 999
2724 146 999
147 148 999
148 147 999
147 208 1358
208 147 1358
147 3099 217
3099 147 217
148 2421 45
2421 148 45
148 2487 2362
2487 148 2362
148 209 1301
209 148 1301
149 1767 48
1767 149 48
149 252 128
252 149 128
149 2197 73
2197 149 73
150 2299 3036
2299 150 3036
150 1184 746
1184 150 746
150 1603 58
1603 150 58
151 541 2394
541 151 2394
151 1184 3180
1184 151 3180
151 152 694
152 151 694
152 1186 3153
1186 152 3153
152 2211 814
2211 152 814
153 3303 2085
3303 153 2085
153 2659 161
2659 153 161
153 1183 695
1183 153 695
154 556 897
556 154 897
154 155 591
155 154 591
155 156 653
156 155 653
156 157 440
157 156 440
157 549 234
549 157 234
158 549 337
549 158 337
158 159 291
159 158 291
159 160 956
160 159 956
160 161 3456
161 160 3456
161 2276 125
2276 161 125
161 356 314
356 161 314
162 3086 2259
3086 162 2259
163 3087 3029
3087 163 3029
163 165 347
165 163 347
163 2276 229
2276 163 229
164 2822 215
2822 164 215
164 165 6081
165 164 6081
166 1150 2376
1150 166 2376
166 235 1610
235 166 1610
166 2277 208
2277 166 208
166 239 347
239 166 347
167 2087 944
2087 167 944
167 823 608
823 167 608
168 3081 689
3081 168 689
168 1103 342
1103 168 342
168 1111 480
1111 168 480
169 2477 143
2477 169 143
169 904 137
904 169 137
170 934 567
934 170 567
170 171 1278
171 170 1278
171 172 815
172 171 815
172 2358 239
2358 172 239
173 1760 2083
1760 173 2083
173 826 1058
826 173 1058
173 1725 63
1725 173 63
174 1745 398
1745 174 398
174 3509 76
3509 174 76
174 175 522
175 174 522
175 326 614
326 175 614
176 3896 324
3896 176 324
176 3540 67
3540 176 67
176 2484 129
2484 176 129
176 1940 158
1940 176 158
177 2151 131
2151 177 131
177 178 123
178 177 123
178 3509 281
3509 178 281
178 3094 841
3094 178 841
179 2154 930
2154 179 930
179 347 460
347 179 460
179 183 209
183 179 209
180 2154 759
2154 180 759
180 681 909
681 180 909
180 1779 164
1779 180 164
181 2165 1734
2165 181 1734
181 2278 123
2278 181 123
181 2479 51
2479 181 51
181 2184 688
2184 181 688
182 347 467
347 182 467
182 351 231
351 182 231
182 709 238
709 182 238
183 184 101
184 183 101
184 2780 126
2780 184 126
184 2779 63
2779 184 63
185 786 1861
786 185 1861
185 295 196
295 185 196
185 355 82
355 185 82
186 294 553
294 186 553
186 740 868
740 186 868
186 3114 593
3114 186 593
186 291 420
291 186 420
187 740 1165
740 187 1165
187 188 261
188 187 261
188 906 250
906 188 250
189 1026 267
1026 189 267
189 190 1765
190 189 1765
189 995 218
995 189 218
190 192 240
192 190 240
190 193 334
193 190 334
190 3162 3030
3162 190 3030
191 754 2053
754 191 2053
191 193 71
193 191 71
191 295 291
295 191 291
192 871 2048
871 192 2048
192 2058 127
2058 192 127
193 880 1379
880 193 1379
194 202 1286
202 194 1286
194 3129 1439
3129 194 1439
194 1786 54
1786 194 54
194 1826 3493
1826 194 3493
194 3129 1439
3129 194 1439
195 1786 629
1786 195 629
195 3504 586
3504 195 586
196 708 545
708 196 545
196 915 966
915 196 966
196 367 360
367 196 360
197 1953 298
1953 197 298
197 371 1684
371 197 1684
197 3071 400
3071 197 400
197 382 820
382 197 820
198 231 2064
231 198 2064
198 1099 646
1099 198 646
198 882 496
882 198 496
199 943 998
943 199 998
199 3982 429
3982 199 429
199 1099 486
1099 199 486
200 3981 149
3981 200 149
200 3983 44
3983 200 44
200 3982 47
3982 200 47
200 3978 42
3978 200 42
201 3980 142
3980 201 142
201 3299 28
3299 201 28
201 3979 38
3979 201 38
202 269 2095
269 202 2095
203 2487 994
2487 203 994
204 206 2078
206 204 2078
204 2314 747
2314 204 747
204 2620 554
2620 204 554
205 2421 460
2421 205 460
205 206 951
206 205 951
206 1442 1002
1442 206 1002
207 2117 722
2117 207 722
207 2617 145
2617 207 145
208 209 1001
209 208 1001
208 1919 1951
1919 208 1951
209 1918 1875
1918 209 1875
210 2759 91
2759 210 91
210 1922 948
1922 210 948
211 2647 1350
2647 211 1350
212 213 228
213 212 228
212 1837 959
1837 212 959
213 2294 609
2294 213 609
213 214 3120
214 213 3120
214 1310 411
1310 214 411
214 1326 410
1326 214 410
214 2651 88
2651 214 88
215 401 480
401 215 480
215 2072 48
2072 215 48
216 1023 1097
1023 216 1097
216 2052 680
2052 216 680
216 1172 276
1172 216 276
217 767 221
767 217 221
217 1172 468
1172 217 468
217 764 97
764 217 97
218 1076 379
1076 218 379
218 501 1030
501 218 1030
218 764 287
764 218 287
219 778 363
778 219 363
219 450 51
450 219 51
220 3927 323
3927 220 323
220 2575 568
2575 220 568
220 949 1159
949 220 1159
221 2972 95
2972 221 95
221 281 1506
281 221 1506
221 2966 1792
2966 221 1792
222 500 731
500 222 731
222 1107 1422
1107 222 1422
222 735 269
735 222 269
223 899 1523
899 223 1523
223 3373 19
3373 223 19
223 2409 965
2409 223 965
223 3612 33
3612 223 33
224 1794 80
1794 224 80
224 1798 443
1798 224 443
224 1792 227
1792 224 227
224 811 1739
811 224 1739
225 3948 234
3948 225 234
225 3503 164
3503 225 164
226 1151 22
1151 226 22
226 1801 1573
1801 226 1573
227 1798 291
1798 227 291
227 1816 262
1816 227 262
227 1800 58
1800 227 58
227 1801 89
1801 227 89
228 1813 92
1813 228 92
228 1810 328
1810 228 328
228 1812 94
1812 228 94
229 1805 143
1805 229 143
229 1806 126
1806 229 126
229 1804 495
1804 229 495
229 1817 131
1817 229 131
230 1805 884
1805 230 884
231 1050 520
1050 231 520
231 865 1388
865 231 1388
232 943 1016
943 232 1016
232 2486 2473
2486 232 2473
232 1018 315
1018 232 315
232 3976 561
3976 232 561
233 239 879
239 233 879
233 891 3634
891 233 3634
234 1127 1332
1127 234 1332
234 3999 385
3999 234 385
234 236 357
236 234 357
235 1048 1714
1048 235 1714
236 240 1109
240 236 1109
236 692 419
692 236 419
236 800 268
800 236 268
237 241 33
241 237 33
237 2776 523
2776 237 523
238 2273 41
2273 238 41
238 2375 110
2375 238 110
238 1089 3380
1089 238 3380
239 443 352
443 239 352
240 897 1098
897 240 1098
240 241 329
241 240 329
242 2364 224
2364 242 224
242 2826 64
2826 242 64
243 313 2619
313 243 2619
243 2362 70
2362 243 70
243 338 396
338 243 396
244 308 253
308 244 253
244 401 185
401 244 185
244 2108 1128
2108 244 1128
245 247 189
247 245 189
245 2100 1159
2100 245 1159
245 1129 1298
1129 245 1298
246 247 605
247 246 605
246 737 2359
737 246 2359
246 2097 471
2097 246 471
247 248 593
248 247 593
248 2109 448
2109 248 448
249 3093 2699
3093 249 2699
250 1862 155
1862 250 155
250 1339 110
1339 250 110
250 1846 39
1846 250 39
251 281 1029
281 251 1029
251 505 298
505 251 298
252 2198 2986
2198 252 2986
252 2197 136
2197 252 136
252 1766 61
1766 252 61
253 1359 1546
1359 253 1546
253 2198 99
2198 253 99
253 1351 54
1351 253 54
254 1359 239
1359 254 239
254 3012 2798
3012 254 2798
255 1363 2224
1363 255 2224
255 1177 1005
1177 255 1005
256 1180 1837
1180 256 1837
256 4006 2705
4006 256 2705
257 4003 110
4003 257 110
257 1179 3318
1179 257 3318
258 4004 44
4004 258 44
258 2483 118
2483 258 118
259 290 636
290 259 636
259 260 3121
260 259 3121
260 3262 1158
3262 260 1158
261 3260 198
3260 261 198
261 2025 102
2025 261 102
261 3266 84
3266 261 84
261 266 2413
266 261 2413
262 1892 85
1892 262 85
262 3269 242
3269 262 242
263 1827 182
1827 263 182
263 2026 2329
2026 263 2329
264 2026 99
2026 264 99
264 2065 1901
2065 264 1901
265 3269 1320
3269 265 1320
265 2499 1008
2499 265 1008
266 3260 2215
3260 266 2215
266 1181 1729
1181 266 1729
266 2062 48
2062 266 48
266 1181 1729
1181 266 1729
267 2059 75
2059 267 75
267 268 2349
268 267 2349
267 1181 1560
1181 267 1560
267 268 2349
268 267 2349
268 1826 1055
1826 268 1055
268 1826 1055
1826 268 1055
269 1826 111
1826 269 111
270 1881 134
1881 270 134
270 1255 134
1255 270 134
270 1204 569
1204 270 569
270 2600 235
2600 270 235
270 1265 187
1265 270 187
271 1243 65
1243 271 65
271 1886 210
1886 271 210
272 1315 316
1315 272 316
272 751 120
751 272 120
272 2601 169
2601 272 169
273 274 233
274 273 233
273 1314 294
1314 273 294
273 1302 86
1302 273 86
274 2639 561
2639 274 561
275 1322 117
1322 275 117
276 1255 106
1255 276 106
276 1263 110
1263 276 110
277 1258 38
1258 277 38
277 1197 176
1197 277 176
278 1076 1046
1076 278 1046
278 980 635
980 278 635
278 503 512
503 278 512
279 1345 592
1345 279 592
279 3027 35
3027 279 35
279 1367 225
1367 279 225
280 1349 618
1349 280 618
280 3019 38
3019 280 38
280 1383 191
1383 280 191
281 1384 697
1384 281 697
282 2564 1222
2564 282 1222
282 1412 7846
1412 282 7846
283 1412 8534
1412 283 8534
283 3012 2140
3012 283 2140
284 2802 861
2802 284 861
284 724 420
724 284 420
284 309 690
309 284 690
285 683 1597
683 285 1597
285 338 672
338 285 672
285 468 444
468 285 444
286 287 3746
287 286 3746
286 289 343
289 286 343
286 2278 215
2278 286 215
287 302 1674
302 287 1674
287 324 383
324 287 383
288 321 2926
321 288 2926
288 466 80
466 288 80
289 346 4240
346 289 4240
289 2148 19
2148 289 19
290 2065 145
2065 290 145
291 3163 170
3163 291 170
292 3270 110
3270 292 110
292 1031 452
1031 292 452
292 296 2590
296 292 2590
293 353 382
353 293 382
293 294 368
294 293 368
294 1064 214
1064 294 214
295 1031 1391
1031 295 1391
296 309 1475
309 296 1475
296 840 193
840 296 193
297 992 2614
992 297 2614
297 313 1018
313 297 1018
297 782 305
782 297 305
298 2811 20
2811 298 20
298 459 325
459 298 325
299 3190 353
3190 299 353
299 2819 143
2819 299 143
299 875 72
875 299 72
300 875 210
875 300 210
300 322 430
322 300 430
301 302 342
302 301 342
301 346 1136
346 301 1136
302 321 1402
321 302 1402
303 759 2024
759 303 2024
303 304 1215
304 303 1215
304 922 1646
922 304 1646
305 1317 1008
1317 305 1008
306 307 300
307 306 300
306 538 992
538 306 992
307 495 145
495 307 145
308 768 852
768 308 852
308 495 373
495 308 373
309 2803 1477
2803 309 1477
309 2279 178
2279 309 178
310 2803 654
2803 310 654
310 1101 1209
1101 310 1209
311 2814 293
2814 311 293
311 312 741
312 311 741
312 340 476
340 312 476
312 2811 327
2811 312 327
313 314 239
314 313 239
314 339 43
339 314 43
315 339 299
339 315 299
315 3533 284
3533 315 284
315 2808 141
2808 315 141
316 459 912
459 316 912
316 683 1449
683 316 1449
316 822 234
822 316 234
317 834 1089
834 317 1089
317 793 134
793 317 134
317 318 86
318 317 86
318 319 439
319 318 439
319 322 1331
322 319 1331
319 1025 1473
1025 319 1473
319 320 74
320 319 74
320 321 301
321 320 301
322 324 1784
324 322 1784
323 733 314
733 323 314
323 2186 405
2186 323 405
323 324 663
324 323 663
325 467 87
467 325 87
325 466 264
466 325 264
325 1025 1471
1025 325 1471
326 327 234
327 326 234
326 1940 1301
1940 326 1301
327 328 97
328 327 97
328 2159 218
2159 328 218
329 337 151
337 329 151
329 330 2567
330 329 2567
329 2817 767
2817 329 767
330 992 303
992 330 303
330 331 1593
331 330 1593
331 782 978
782 331 978
332 333 178
333 332 178
332 2807 643
2807 332 643
333 334 1218
334 333 1218
334 3169 168
3169 334 168
335 336 634
336 335 634
335 457 160
457 335 160
335 456 190
456 335 190
335 2817 164
2817 335 164
336 337 144
337 336 144
338 342 1648
342 338 1648
339 340 742
340 339 742
339 3525 76
3525 339 76
341 3527 291
3527 341 291
341 342 162
342 341 162
342 3532 83
3532 342 83
343 886 841
886 343 841
343 2820 903
2820 343 903
343 1101 669
1101 343 669
344 3539 133
3539 344 133
344 3541 140
3541 344 140
344 2148 337
2148 344 337
345 3539 4045
3539 345 4045
345 346 367
346 345 367
347 348 880
348 347 880
348 3114 2426
3114 348 2426
349 3114 705
3114 349 705
349 350 3318
350 349 3318
349 3113 434
3113 349 434
350 810 1568
810 350 1568
350 2479 309
2479 350 309
350 724 278
724 350 278
351 857 541
857 351 541
352 857 470
857 352 470
352 354 95
354 352 95
353 354 610
354 353 610
354 1022 250
1022 354 250
355 1022 230
1022 355 230
356 357 1695
357 356 1695
356 2098 47
2098 356 47
357 1058 1697
1058 357 1697
358 1058 330
1058 358 330
358 359 407
359 358 407
359 360 219
360 359 219
360 361 603
361 360 603
361 947 165
947 361 165
361 362 311
362 361 311
362 848 1524
848 362 1524
362 1168 279
1168 362 279
363 365 481
365 363 481
363 650 187
650 363 187
364 365 228
365 364 228
364 2434 56
2434 364 56
364 1734 297
1734 364 297
366 568 385
568 366 385
366 640 128
640 366 128
366 662 443
662 366 443
367 369 647
369 367 647
367 1062 952
1062 367 952
368 2173 279
2173 368 279
368 3512 200
3512 368 200
369 1140 586
1140 369 586
369 461 1108
461 369 1108
370 3515 169
3515 370 169
370 1108 350
1108 370 350
371 373 408
373 371 408
371 901 246
901 371 246
371 372 807
372 371 807
372 375 410
375 372 410
372 383 313
383 372 313
373 1163 191
1163 373 191
373 374 586
374 373 586
374 375 224
375 374 224
375 376 48
376 375 48
376 377 188
377 376 188
377 2472 137
2472 377 137
378 2472 156
2472 378 156
378 2471 141
2471 378 141
379 2471 131
2471 379 131
379 380 243
380 379 243
380 381 263
381 380 263
381 914 851
914 381 851
381 3515 2056
3515 381 2056
382 389 455
389 382 455
382 461 6
461 382 6
383 384 91
384 383 91
383 387 611
387 383 611
384 385 134
385 384 134
385 386 388
386 385 388
387 388 849
388 387 849
387 389 267
389 387 267
389 390 72
390 389 72
390 391 52
391 390 52
391 392 305
392 391 305
392 393 439
393 392 439
393 394 499
394 393 499
394 395 458
395 394 458
395 396 304
396 395 304
397 2478 2547
2478 397 2547
397 975 87
975 397 87
398 405 1122
405 398 1122
398 2091 297
2091 398 297
398 403 244
403 398 244
399 405 264
405 399 264
399 400 308
400 399 308
400 1013 689
1013 400 689
400 406 485
406 400 485
401 2092 1144
2092 401 1144
402 404 1056
404 402 1056
402 700 706
700 402 706
402 2091 175
2091 402 175
403 1054 566
1054 403 566
403 1129 178
1129 403 178
404 406 664
406 404 664
404 2093 373
2093 404 373
405 2093 91
2093 405 91
406 506 889
506 406 889
407 3186 195
3186 407 195
407 2576 1377
2576 407 1377
407 2959 127
2959 407 127
408 717 1147
717 408 1147
408 409 267
409 408 267
409 2959 124
2959 409 124
409 2958 89
2958 409 89
410 716 341
716 410 341
410 500 347
500 410 347
410 2488 1837
2488 410 1837
411 504 549
504 411 549
411 503 972
503 411 972
412 501 437
501 412 437
412 502 72
502 412 72
413 3005 101
3005 413 101
413 4007 2101
4007 413 2101
413 1765 86
1765 413 86
414 415 654
415 414 654
415 1776 79
1776 415 79
416 2115 389
2115 416 389
417 2115 390
2115 417 390
417 419 987
419 417 987
418 419 890
419 418 890
418 3126 424
3126 418 424
418 1786 474
1786 418 474
420 1775 161
1775 420 161
420 421 109
421 420 109
421 426 114
426 421 114
422 426 80
426 422 80
422 423 370
423 422 370
423 635 111
635 423 111
423 622 806
622 423 806
424 428 242
428 424 242
424 425 1466
425 424 1466
424 638 309
638 424 309
425 426 388
426 425 388
427 428 97
428 427 97
429 1175 282
1175 429 282
429 3506 476
3506 429 476
429 3124 584
3124 429 584
429 678 968
678 429 968
430 436 237
436 430 237
430 433 357
433 430 357
431 433 372
433 431 372
431 1935 355
1935 431 355
432 1934 324
1934 432 324
432 433 375
433 432 375
433 434 366
434 433 366
434 435 307
435 434 307
435 2634 24
2634 435 24
436 2628 25
2628 436 25
437 438 236
438 437 236
437 1936 303
1936 437 303
437 1937 282
1937 437 282
438 1755 328
1755 438 328
438 1756 352
1756 438 352
439 440 222
440 439 222
439 1932 307
1932 439 307
439 1933 279
1933 439 279
440 1752 285
1752 440 285
440 1753 374
1753 440 374
441 442 225
442 441 225
441 1930 305
1930 441 305
441 1931 448
1931 441 448
442 1749 296
1749 442 296
442 1748 535
1748 442 535
443 759 2468
759 443 2468
444 1875 224
1875 444 224
444 1879 75
1879 444 75
444 1873 67
1873 444 67
445 1876 220
1876 445 220
445 2602 72
2602 445 72
445 1874 71
1874 445 71
446 1853 322
1853 446 322
446 1855 77
1855 446 77
446 1851 75
1851 446 75
447 1854 223
1854 447 223
447 1857 70
1857 447 70
447 1852 73
1852 447 73
448 3056 401
3056 448 401
448 1908 69
1908 448 69
448 1906 100
1906 448 100
449 3056 364
3056 449 364
449 1909 76
1909 449 76
449 1907 84
1907 449 84
450 3051 198
3051 450 198
450 2053 40
2053 450 40
451 2209 19
2209 451 19
451 2665 293
2665 451 293
451 2906 3260
2906 451 3260
452 2659 2932
2659 452 2932
452 2666 106
2666 452 106
452 453 706
453 452 706
453 1183 3060
1183 453 3060
453 454 756
454 453 756
454 2320 883
2320 454 883
454 2299 3084
2299 454 3084
454 547 922
547 454 922
455 1338 602
1338 455 602
455 3007 249
3007 455 249
456 3161 1343
3161 456 1343
456 3264 227
3264 456 227
457 880 4495
880 457 4495
457 992 3341
992 457 3341
457 2279 204
2279 457 204
458 1103 2485
1103 458 2485
459 2820 1440
2820 459 1440
459 2819 229
2819 459 229
460 1730 54
1730 460 54
460 1741 62
1741 460 62
460 1041 1452
1041 460 1452
460 1424 139
1424 460 139
462 471 2310
471 462 2310
462 1330 306
1330 462 306
462 1302 368
1302 462 368
463 1424 5823
1424 463 5823
463 1996 900
1996 463 900
463 1733 523
1733 463 523
464 487 399
487 464 399
464 2023 101
2023 464 101
464 2500 2543
2500 464 2543
465 1238 71
1238 465 71
465 2504 902
2504 465 902
465 3268 1268
3268 465 1268
467 1943 164
1943 467 164
467 2826 127
2826 467 127
468 481 1152
481 468 1152
468 2364 113
2364 468 113
468 1945 172
1945 468 172
469 1143 409
1143 469 409
469 1774 1074
1774 469 1074
470 1774 69
1774 470 69
470 954 324
954 470 324
470 1021 1216
1021 470 1216
471 954 588
954 471 588
471 1061 1052
1061 471 1052
471 3154 596
3154 471 596
472 473 837
473 472 837
472 478 349
478 472 349
472 482 1026
482 472 1026
473 474 171
474 473 171
474 903 881
903 474 881
475 478 492
478 475 492
475 479 293
479 475 293
475 476 549
476 475 549
476 477 853
477 476 853
476 494 105
494 476 105
477 1021 805
1021 477 805
477 488 216
488 477 216
478 484 1078
484 478 1078
479 480 755
480 479 755
479 486 235
486 479 235
480 3174 208
3174 480 208
480 484 480
484 480 480
481 3174 986
3174 481 986
481 485 484
485 481 484
482 483 1207
483 482 1207
482 484 358
484 482 358
482 537 1136
537 482 1136
483 1942 816
1942 483 816
483 485 349
485 483 349
484 485 1175
485 484 1175
485 1943 849
1943 485 849
486 813 262
813 486 262
486 493 855
493 486 855
487 817 610
817 487 610
487 492 1309
492 487 1309
488 1173 162
1173 488 162
488 493 861
493 488 861
489 1173 87
1173 489 87
489 490 160
490 489 160
490 491 921
491 490 921
491 2735 246
2735 491 246
492 2735 632
2735 492 632
493 494 113
494 493 113
495 935 889
935 495 889
496 935 646
935 496 646
496 497 245
497 496 245
497 3319 589
3319 497 589
497 1321 633
1321 497 633
498 755 1874
755 498 1874
498 741 497
741 498 497
498 679 328
679 498 328
499 791 1098
791 499 1098
499 2488 809
2488 499 809
499 679 332
679 499 332
500 974 945
974 500 945
501 974 241
974 501 241
502 504 922
504 502 922
503 1279 1037
1279 503 1037
504 806 246
806 504 246
505 1371 1908
1371 505 1908
506 2072 1683
2072 506 1683
506 2051 42
2051 506 42
506 1094 164
1094 506 164
507 2739 465
2739 507 465
507 544 1353
544 507 1353
507 508 3762
508 507 3762
507 1929 200
1929 507 200
508 2675 1107
2675 508 1107
508 2221 37
2221 508 37
509 514 1759
514 509 1759
509 515 1235
515 509 1235
509 659 349
659 509 349
510 514 756
514 510 756
510 511 370
511 510 370
511 512 324
512 511 324
512 513 344
513 512 344
513 2434 176
2434 513 176
514 516 1235
516 514 1235
515 516 1685
516 515 1685
515 664 730
664 515 730
516 2624 762
2624 516 762
517 519 161
519 517 161
517 518 569
518 517 569
519 2624 594
2624 519 594
519 646 220
646 519 220
520 3254 1088
3254 520 1088
520 3277 241
3277 520 241
521 646 169
646 521 169
521 573 89
573 521 89
522 621 149
621 522 149
522 523 345
523 522 345
522 631 133
631 522 133
523 524 735
524 523 735
523 660 176
660 523 176
524 525 332
525 524 332
525 526 55
526 525 55
526 527 437
527 526 437
527 3276 58
3276 527 58
528 1949 330
1949 528 330
528 649 258
649 528 258
529 649 1483
649 529 1483
529 533 87
533 529 87
529 3120 397
3120 529 397
530 1228 187
1228 530 187
530 1788 218
1788 530 218
530 1789 135
1789 530 135
530 3351 1445
3351 530 1445
531 785 151
785 531 151
531 1068 1050
1068 531 1050
532 828 483
828 532 483
532 533 801
533 532 801
532 785 417
785 532 417
533 3486 361
3486 533 361
534 535 674
535 534 674
534 2268 90
2268 534 90
534 2271 153
2271 534 153
535 2270 48
2270 535 48
535 2267 132
2267 535 132
536 2335 489
2335 536 489
536 4002 2120
4002 536 2120
537 1941 2069
1941 537 2069
538 727 728
727 538 728
538 1000 1685
1000 538 1685
539 2782 684
2782 539 684
539 541 2319
541 539 2319
540 541 1388
541 540 1388
542 543 1693
543 542 1693
543 1219 157
1219 543 157
544 1219 140
1219 544 140
545 2419 67
2419 545 67
545 547 710
547 545 710
546 2420 2837
2420 546 2837
546 2297 79
2297 546 79
546 548 795
548 546 795
547 548 3068
548 547 3068
548 2299 911
2299 548 911
549 947 208
947 549 208
550 551 150
551 550 150
551 552 176
552 551 176
552 553 259
553 552 259
552 560 88
560 552 88
553 554 278
554 553 278
554 555 634
555 554 634
555 556 222
556 555 222
555 558 397
558 555 397
557 905 166
905 557 166
557 558 427
558 557 427
559 560 644
560 559 644
561 3016 52
3016 561 52
561 1374 669
1374 561 669
561 1382 157
1382 561 157
562 3016 28
3016 562 28
563 574 893
574 563 893
564 667 257
667 564 257
564 601 173
601 564 173
565 657 905
657 565 905
565 622 109
622 565 109
566 617 183
617 566 183
566 1952 83
1952 566 83
567 617 250
617 567 250
567 3254 536
3254 567 536
567 671 308
671 567 308
568 650 443
650 568 443
569 663 140
663 569 140
569 604 426
604 569 426
570 666 571
666 570 571
570 574 374
574 570 374
570 578 152
578 570 152
571 600 482
600 571 482
571 3287 214
3287 571 214
572 642 61
642 572 61
572 581 669
581 572 669
573 3275 139
3275 573 139
574 605 386
605 574 386
575 608 369
608 575 369
575 3799 193
3799 575 193
575 2377 208
2377 575 208
576 648 917
648 576 917
576 630 393
630 576 393
577 626 934
626 577 934
577 611 402
611 577 402
579 614 215
614 579 215
580 3252 67
3252 580 67
580 3220 50
3220 580 50
581 653 85
653 581 85
581 629 102
629 581 102
582 658 197
658 582 197
582 636 334
636 582 334
583 626 378
626 583 378
583 3127 193
3127 583 193
584 608 410
608 584 410
585 632 373
632 585 373
585 647 567
647 585 567
585 626 139
626 585 139
586 595 842
595 586 842
586 613 471
613 586 471
587 3253 75
3253 587 75
587 619 500
619 587 500
588 655 1496
655 588 1496
588 3252 54
3252 588 54
588 3221 271
3221 588 271
589 635 98
635 589 98
589 620 680
620 589 680
590 3243 404
3243 590 404
590 665 44
665 590 44
590 3288 134
3288 590 134
591 666 99
666 591 99
591 642 931
642 591 931
592 668 433
668 592 433
592 656 287
656 592 287
592 599 64
599 592 64
593 670 220
670 593 220
593 602 492
602 593 492
593 616 207
616 593 207
594 603 1421
603 594 1421
594 661 240
661 594 240
594 2465 63
2465 594 63
595 610 603
610 595 603
595 3505 285
3505 595 285
596 641 446
641 596 446
596 3127 367
3127 596 367
597 643 193
643 597 193
598 606 144
606 598 144
598 621 209
621 598 209
598 644 527
644 598 527
599 622 459
622 599 459
600 3288 214
3288 600 214
600 651 567
651 600 567
601 656 164
656 601 164
603 2466 228
2466 603 228
604 612 90
612 604 90
604 610 1249
610 604 1249
605 607 192
607 605 192
605 3287 386
3287 605 386
606 3275 92
3275 606 92
606 3256 1836
3256 606 1836
607 655 326
655 607 326
607 2170 119
2170 607 119
608 670 95
670 608 95
609 660 125
660 609 125
609 639 1332
639 609 1332
610 3124 373
3124 610 373
611 618 844
618 611 844
612 640 1460
640 612 1460
613 663 113
663 613 113
613 673 302
673 613 302
614 645 908
645 614 908
614 627 482
627 614 482
615 644 74
644 615 74
615 654 134
654 615 134
616 624 16
624 616 16
618 651 205
651 618 205
618 633 965
633 618 965
619 628 295
628 619 295
619 651 42
651 619 42
620 790 183
790 620 183
620 3126 604
3126 620 604
621 654 521
654 621 521
623 637 1002
637 623 1002
624 659 1002
659 624 1002
625 633 337
633 625 337
625 661 454
661 625 454
627 662 235
662 627 235
628 3243 165
3243 628 165
628 2169 177
2169 628 177
628 3233 86
3233 628 86
630 671 844
671 630 844
632 2466 242
2466 632 242
634 2169 411
2169 634 411
634 641 801
641 634 801
634 2445 46
2445 634 46
634 3253 246
3253 634 246
637 659 237
659 637 237
638 657 181
657 638 181
639 3273 169
3273 639 169
641 652 280
652 641 280
643 668 507
668 643 507
645 663 904
663 645 904
645 667 282
667 645 282
646 658 1021
658 646 1021
647 3500 85
3500 647 85
648 3079 432
3079 648 432
649 1950 239
1950 649 239
653 3219 41
3219 653 41
655 666 48
666 655 48
657 668 185
668 657 185
660 3279 60
3279 660 60
661 672 584
672 661 584
664 1953 218
1953 664 218
664 1954 200
1954 664 200
664 3079 428
3079 664 428
665 3236 60
3236 665 60
669 3491 89
3491 669 89
669 3500 161
3500 669 161
674 2528 26
2528 674 26
674 2532 35
2532 674 35
675 2330 560
2330 675 560
675 2568 42
2568 675 42
675 715 774
715 675 774
676 834 623
834 676 623
676 827 252
827 676 252
677 3973 146
3973 677 146
677 3354 86
3354 677 86
677 3971 44
3971 677 44
677 3972 210
3972 677 210
678 1144 1316
1144 678 1316
679 923 1845
923 679 1845
680 2530 28
2530 680 28
680 2514 42
2514 680 42
681 3113 1416
3113 681 1416
681 960 316
960 681 316
682 1148 428
1148 682 428
682 2408 41
2408 682 41
683 834 539
834 683 539
684 965 295
965 684 295
684 863 1392
863 684 1392
684 1144 364
1144 684 364
685 3925 52
3925 685 52
685 721 99
721 685 99
686 1004 177
1004 686 177
686 725 139
725 686 139
687 874 544
874 687 544
688 1032 503
1032 688 503
688 977 87
977 688 87
689 761 221
761 689 221
689 1079 218
1079 689 218
689 838 1577
838 689 1577
690 2538 56
2538 690 56
690 2506 54
2506 690 54
691 1035 122
1035 691 122
691 3062 135
3062 691 135
692 1036 655
1036 692 655
693 2548 79
2548 693 79
693 2509 93
2509 693 93
694 2402 73
2402 694 73
694 2405 83
2405 694 83
695 1729 60
1729 695 60
695 1086 2101
1086 695 2101
695 1041 818
1041 695 818
696 848 360
848 696 360
696 2485 930
2485 696 930
696 934 539
934 696 539
697 812 231
812 697 231
697 1085 98
1085 697 98
697 851 936
851 697 936
698 1050 674
1050 698 674
698 1166 113
1166 698 113
699 1052 416
1052 699 416
699 736 799
736 699 799
700 1419 1987
1419 700 1987
700 1054 726
1054 700 726
701 1070 170
1070 701 170
701 2928 288
2928 701 288
701 856 2112
856 701 2112
702 2946 705
2946 702 705
702 3903 784
3903 702 784
702 852 2107
852 702 2107
703 2050 161
2050 703 161
703 853 114
853 703 114
704 912 1986
912 704 1986
704 1028 2581
1028 704 2581
704 3920 34
3920 704 34
705 862 92
862 705 92
705 855 124
855 705 124
706 888 337
888 706 337
706 1793 67
1793 706 67
706 1792 60
1792 706 60
706 858 1774
858 706 1774
707 1060 494
1060 707 494
707 746 147
746 707 147
708 1175 629
1175 708 629
708 956 1285
956 708 1285
709 2001 1598
2001 709 1598
709 819 372
819 709 372
710 961 238
961 710 238
710 1224 101
1224 710 101
711 1174 296
1174 711 296
711 859 84
859 711 84
711 866 1022
866 711 1022
712 967 1095
967 712 1095
712 868 150
868 712 150
713 2323 583
2323 713 583
713 1155 507
1155 713 507
713 2567 257
2567 713 257
714 2542 16
2542 714 16
714 2530 24
2530 714 24
715 2407 146
2407 715 146
715 942 303
942 715 303
716 833 244
833 716 244
716 1069 1890
1069 716 1890
717 1033 359
1033 717 359
717 753 239
753 717 239
718 1074 799
1074 718 799
718 760 150
760 718 150
719 971 1020
971 719 1020
719 2733 1425
2733 719 1425
719 1020 266
1020 719 266
720 1071 1718
1071 720 1718
720 997 168
997 720 168
721 2112 168
2112 721 168
721 3084 127
3084 721 127
722 967 49
967 722 49
722 1000 162
1000 722 162
723 2928 113
2928 723 113
723 769 343
769 723 343
723 1014 2369
1014 723 2369
723 1423 1512
1423 723 1512
724 1075 1512
1075 724 1512
725 881 1101
881 725 1101
725 1074 183
1074 725 183
726 765 498
765 726 498
726 883 89
883 726 89
727 1004 1527
1004 727 1527
727 1009 650
1009 727 650
728 2506 25
2506 728 25
728 2557 34
2557 728 34
729 769 238
769 729 238
729 887 185
887 729 185
729 2936 74
2936 729 74
730 2517 106
2517 730 106
730 2543 82
2543 730 82
731 891 483
891 731 483
731 2380 884
2380 731 884
731 797 163
797 731 163
732 2533 1350
2533 732 1350
732 876 1090
876 732 1090
733 981 318
981 733 318
733 895 320
895 733 320
734 2558 27
2558 734 27
734 2559 41
2559 734 41
735 1051 47
1051 735 47
735 847 1584
847 735 1584
736 773 358
773 736 358
736 3516 198
3516 736 198
737 900 1170
900 737 1170
737 1122 256
1122 737 256
738 1130 932
1130 738 932
738 1014 172
1014 738 172
738 2929 193
2929 738 193
739 2478 619
2478 739 619
739 910 75
910 739 75
739 3516 165
3516 739 165
741 1091 556
1091 741 556
741 1073 253
1073 741 253
742 908 651
908 742 651
742 3120 204
3120 742 204
742 3737 95
3737 742 95
743 1092 107
1092 743 107
743 1139 1989
1139 743 1989
744 2178 2718
2178 744 2718
744 783 66
783 744 66
745 1095 111
1095 745 111
745 2112 1200
2112 745 1200
746 913 243
913 746 243
747 1104 129
1104 747 129
747 786 396
786 747 396
748 2532 49
2532 748 49
748 2520 46
2520 748 46
748 888 213
888 748 213
749 784 279
784 749 279
749 3508 512
3508 749 512
749 3542 201
3542 749 201
750 998 83
998 750 83
750 919 788
919 750 788
751 1299 286
1299 751 286
752 3185 2181
3185 752 2181
752 921 169
921 752 169
753 3070 2034
3070 753 2034
753 3186 1210
3186 753 1210
754 2003 1218
2003 754 1218
754 1113 231
1113 754 231
754 1104 93
1104 754 93
755 1418 683
1418 755 683
755 923 350
923 755 350
756 2514 25
2514 756 25
756 2556 46
2556 756 46
756 1155 293
1155 756 293
757 1114 436
1114 757 436
757 925 839
925 757 839
758 2409 233
2409 758 233
758 3353 250
3353 758 250
759 1150 702
1150 759 702
760 868 177
868 760 177
761 2175 235
2175 761 235
761 1116 1600
1116 761 1600
761 878 1521
878 761 1521
762 1118 260
1118 762 260
762 906 410
906 762 410
763 2518 52
2518 763 52
763 2560 72
2560 763 72
764 795 1207
795 764 1207
765 1750 327
1750 765 327
766 2554 89
2554 766 89
766 2511 67
2511 766 67
767 1125 252
1125 767 252
767 889 286
889 767 286
768 935 387
935 768 387
769 803 3217
803 769 3217
769 1422 1471
1422 769 1471
770 2543 68
2543 770 68
770 931 48
931 770 48
771 2544 16
2544 771 16
771 2558 24
2558 771 24
772 1018 1047
1018 772 1047
772 943 323
943 772 323
773 3511 215
3511 773 215
773 1135 806
1135 773 806
774 1020 157
1020 774 157
775 1133 1759
1133 775 1759
775 1234 58
1234 775 58
776 1051 195
1051 776 195
776 3927 98
3927 776 98
776 946 1580
946 776 1580
777 1016 335
1016 777 335
777 1052 114
1052 777 114
778 1097 413
1097 778 413
778 1321 338
1321 778 338
779 1148 274
1148 779 274
779 1789 75
1789 779 75
779 1790 58
1790 779 58
780 986 267
986 780 267
781 1056 607
1056 781 607
781 3737 207
3737 781 207
781 3299 202
3299 781 202
782 2807 1244
2807 782 1244
783 952 118
952 783 118
786 2002 1311
2002 786 1311
787 1724 330
1724 787 330
787 959 172
959 787 172
788 862 1437
862 788 1437
788 987 282
987 788 282
788 3507 229
3507 788 229
789 998 2257
998 789 2257
789 832 441
832 789 441
790 1110 611
1110 790 611
790 3505 121
3505 790 121
791 968 747
968 791 747
791 969 354
969 791 354
793 3191 87
3191 793 87
794 1154 65
1154 794 65
794 2545 59
2545 794 59
795 974 282
974 795 282
796 2535 32
2535 796 32
796 2510 70
2510 796 70
797 1157 752
1157 797 752
797 913 2955
913 797 2955
798 1032 93
1032 798 93
798 2400 309
2400 798 309
798 2401 345
2401 798 345
799 3143 193
3143 799 193
799 2832 849
2832 799 849
800 1081 2238
1081 800 2238
801 889 274
889 801 274
801 1037 532
1037 801 532
801 1076 79
1076 801 79
802 849 182
849 802 182
803 1004 284
1004 803 284
803 2930 258
2930 803 258
804 2946 425
2946 804 425
804 2352 1585
2352 804 1585
804 811 368
811 804 368
805 1043 98
1043 805 98
806 1278 312
1278 806 312
806 850 1165
850 806 1165
807 1941 125
1941 807 125
807 2365 199
2365 807 199
807 1751 341
1751 807 341
808 1083 2909
1083 808 2909
808 1727 330
1727 808 330
808 1090 224
1090 808 224
809 899 525
899 809 525
810 1084 163
1084 810 163
810 2182 914
2182 810 914
811 858 242
858 811 242
812 2776 2018
2776 812 2018
812 1089 392
1089 812 392
813 817 631
817 813 631
813 1134 1070
1134 813 1070
814 1059 180
1059 814 180
814 983 2079
983 814 2079
815 1070 2092
1070 815 2092
815 872 195
872 815 195
815 856 173
856 815 173
816 1226 40
1226 816 40
816 2349 45
2349 816 45
817 986 1010
986 817 1010
818 2447 603
2447 818 603
818 1096 295
1096 818 295
818 862 1532
862 818 1532
819 988 1063
